NbEtu 200
Cap 23 23 22 22 22 22 22 22 22 
0	Spe0	30	87	77	184	172	108	34	99	148	181	45	110	14	57	121	149	115	179	198	72	80	44	196	128	104	125	73	50	92	9	127	132	76	40	42	146	13	53	96	124	123	98	59	159	197	22	85	105	163	156	0	158	143	10	185	78	139	35	180	174	175	11	112	12	91	129	190	4	191	168	29	3	135	74	17	23	103	182	151	152	173	165	2	70	51	133	66	26	140	106	160	21	60	114	8	100	28	193	93	68	18	24	88	137	145	20	25	169	37	177	90	46	82	69	176	48	150	187	56	134	102	15	147	144	130	43	31	83	94	55	138	119	194	131	189	166	39	107	65	54	89	52	142	186	36	49	113	86	153	63	67	136	154	157	5	170	155	117	171	101	192	161	16	162	6	97	27	64	32	84	116	71	62	38	195	58	7	111	61	183	19	95	33	122	141	118	79	1	164	109	199	120	167	126	41	47	188	81	75	178	
1	Spe1	55	183	175	93	119	72	126	131	59	177	21	54	8	179	79	61	128	75	63	47	162	142	123	153	29	113	178	28	73	157	186	145	189	130	144	74	185	120	169	19	158	191	4	111	112	118	69	84	152	196	77	165	134	109	148	89	83	36	95	10	125	17	164	176	174	192	166	197	37	149	9	108	168	107	94	171	56	80	136	102	114	138	115	0	198	57	190	135	66	105	5	116	85	184	156	181	58	100	188	117	46	154	7	71	199	82	13	76	50	173	40	42	103	11	137	3	45	194	64	172	187	110	26	67	155	97	30	18	65	44	170	121	132	52	140	160	43	195	51	15	14	12	151	127	167	146	1	88	90	6	31	133	129	87	39	86	32	141	62	41	24	78	159	150	193	143	16	81	34	20	139	98	182	180	27	163	48	35	49	22	101	33	106	53	2	91	25	60	23	99	92	96	161	38	122	70	147	68	124	104	
2	Spe2	102	145	194	25	52	160	163	129	12	182	66	155	22	113	170	46	68	19	143	136	11	85	48	105	151	198	152	150	23	56	38	190	165	186	157	7	111	146	180	49	138	192	189	62	147	191	83	53	8	178	27	31	103	50	67	195	36	6	60	141	135	88	164	5	47	93	118	58	114	125	89	73	153	63	109	0	24	148	154	42	72	140	28	106	9	76	132	45	97	34	116	128	69	174	158	92	37	156	188	10	159	104	123	54	131	121	91	81	15	197	17	124	80	168	127	74	51	43	59	86	117	181	179	169	100	139	40	130	71	173	161	95	172	199	137	1	115	3	13	183	18	134	96	77	21	79	162	55	126	196	33	122	184	61	90	149	185	41	133	120	82	20	112	108	57	26	187	166	75	144	44	84	39	2	87	171	193	78	119	167	176	16	35	4	177	64	29	99	98	107	101	65	32	110	70	142	175	14	30	94	
3	Spe3	93	44	166	45	97	177	6	120	102	146	198	103	68	17	199	144	151	99	66	18	122	8	160	174	82	47	72	25	150	131	175	153	141	143	115	195	24	83	171	4	128	132	9	86	118	176	85	30	148	39	88	140	137	40	64	101	145	100	123	76	57	183	113	133	52	16	185	1	129	152	109	170	178	42	98	84	124	27	92	196	91	31	181	48	162	116	5	130	155	169	13	107	81	173	157	67	41	20	43	33	80	15	105	23	54	49	114	125	51	167	179	117	165	106	90	22	94	79	74	197	77	193	172	0	87	188	184	161	159	65	56	149	180	95	191	134	60	32	37	14	119	168	61	158	190	89	28	156	12	69	53	110	26	71	163	73	29	104	96	46	55	2	136	70	108	186	21	62	75	10	189	36	127	59	58	139	138	7	63	19	11	135	3	192	142	147	126	78	164	50	154	34	112	38	35	121	111	194	187	182	
4	Spe4	39	14	125	182	4	55	192	15	31	68	71	161	40	109	105	177	122	22	49	168	91	189	26	123	132	165	107	154	127	193	187	194	30	53	129	106	137	196	5	180	130	170	56	153	199	42	131	45	64	142	115	150	66	144	79	18	93	19	51	171	160	35	174	167	104	2	0	67	87	179	69	10	61	28	75	3	103	52	37	97	90	54	195	162	114	149	126	17	89	140	163	27	141	164	139	102	191	86	120	23	96	118	117	36	59	173	198	43	77	32	84	113	20	6	172	63	190	108	24	60	8	184	128	73	78	138	41	25	47	148	95	7	46	169	176	83	100	110	1	156	197	178	185	57	135	34	70	151	65	99	116	147	119	145	134	50	94	9	33	143	74	58	11	111	88	159	92	29	76	181	158	175	157	80	44	48	72	188	166	146	155	98	62	121	133	21	82	16	152	124	13	81	186	12	38	112	85	136	101	183	
5	Spe5	60	132	104	18	11	75	117	91	95	21	16	170	41	119	71	166	99	147	7	174	110	12	24	92	192	163	191	116	118	140	58	56	108	199	190	73	128	78	188	54	87	149	6	169	121	34	138	179	134	31	96	194	160	175	40	84	9	182	127	144	115	181	89	83	57	111	15	85	69	49	165	139	135	22	113	37	27	38	137	106	3	79	10	80	82	183	105	44	162	133	176	62	53	100	4	145	65	1	180	151	155	156	130	76	5	93	123	36	109	125	129	25	114	158	185	33	8	26	46	86	107	17	168	30	20	98	154	131	143	67	120	189	148	152	32	101	28	23	159	45	141	14	184	66	94	126	161	63	29	88	142	102	47	171	77	173	59	70	150	90	124	35	39	68	0	2	167	157	112	51	42	172	97	186	103	153	13	196	122	195	187	81	197	52	48	61	146	50	198	64	43	136	55	177	164	72	74	193	178	19	
6	Spe6	117	165	15	17	92	67	83	173	60	184	106	25	32	59	166	1	74	197	30	135	22	14	52	175	51	119	33	20	151	31	198	75	77	101	96	98	131	82	185	56	107	179	156	11	29	164	85	87	141	46	190	183	137	124	147	48	28	195	2	181	138	157	54	58	152	78	41	89	178	199	142	18	177	153	167	110	93	105	182	113	160	180	100	161	71	154	196	149	140	53	64	127	66	80	145	99	112	139	158	3	16	10	136	172	50	129	123	95	148	109	40	37	35	169	143	63	174	8	108	62	114	146	170	43	39	122	61	133	19	91	193	26	103	134	12	111	162	38	168	79	191	69	21	23	73	0	9	118	121	115	186	6	42	24	86	176	27	187	188	126	65	128	192	7	81	150	120	13	163	116	144	4	72	76	70	189	132	94	5	102	171	84	45	49	97	125	90	130	34	155	88	68	194	36	47	104	57	44	159	55	
7	Spe7	195	164	6	97	17	179	102	49	162	11	32	85	127	125	137	117	114	38	131	51	75	99	141	152	55	90	153	13	192	30	146	172	95	16	106	134	1	18	161	187	19	48	194	24	71	26	148	74	109	155	147	59	130	22	21	54	60	45	5	113	76	63	133	62	58	9	168	111	77	173	186	2	181	23	40	143	100	191	7	79	190	170	35	33	105	112	189	176	20	80	34	87	104	70	82	171	43	156	126	44	92	57	93	14	119	46	157	37	94	12	149	138	61	29	120	129	193	3	101	67	166	199	86	68	144	163	128	197	96	69	154	165	182	72	15	4	150	139	110	160	198	78	135	50	115	132	188	169	27	10	118	175	56	53	196	98	122	84	66	140	73	174	167	52	64	103	142	136	145	91	41	28	121	81	185	8	83	158	180	108	42	0	31	123	25	159	88	184	151	39	124	36	116	65	183	107	177	89	178	47	
8	Spe8	98	149	128	113	199	37	188	152	158	175	71	41	157	140	146	17	47	86	66	72	43	190	124	183	145	55	136	89	115	151	163	120	193	34	165	83	48	29	191	137	181	170	186	61	40	15	36	108	21	114	49	80	27	192	75	4	14	32	176	161	109	63	159	143	46	11	180	126	76	184	129	73	20	110	142	177	56	57	131	0	107	156	141	59	122	81	91	168	87	18	121	171	3	70	189	30	84	58	173	51	74	54	78	160	197	132	22	33	105	106	2	144	50	135	82	101	92	97	25	125	93	178	10	64	185	77	31	44	116	102	9	1	23	79	153	103	139	24	194	95	195	88	8	5	68	90	65	85	111	6	100	19	67	172	166	174	38	130	117	167	154	69	96	45	164	150	94	26	127	138	148	12	179	13	62	42	99	60	39	104	134	162	187	28	53	123	35	169	16	7	119	198	118	133	112	52	147	196	155	182	
