1800
0	Etu0	7	5	4	8	3	6	1	2	0	
1	Etu1	0	6	1	4	2	7	3	8	5	
2	Etu2	1	2	8	6	3	5	4	7	0	
3	Etu3	0	2	8	1	7	3	4	5	6	
4	Etu4	8	1	0	2	5	3	6	4	7	
5	Etu5	2	5	0	4	7	6	3	1	8	
6	Etu6	0	8	4	1	6	5	3	2	7	
7	Etu7	3	2	5	8	1	4	7	6	0	
8	Etu8	8	6	0	3	4	7	1	5	2	
9	Etu9	8	0	7	5	6	1	4	3	2	
10	Etu10	0	3	5	4	1	6	7	8	2	
11	Etu11	4	7	0	6	3	1	2	8	5	
12	Etu12	7	1	0	3	4	6	8	2	5	
13	Etu13	1	0	3	6	4	7	2	5	8	
14	Etu14	2	6	4	1	8	3	7	0	5	
15	Etu15	7	3	8	1	2	0	4	6	5	
16	Etu16	1	5	2	4	0	6	8	7	3	
17	Etu17	7	2	8	5	0	1	6	3	4	
18	Etu18	6	1	2	8	3	4	0	5	7	
19	Etu19	0	5	4	2	1	7	3	6	8	
20	Etu20	8	0	3	4	7	5	1	6	2	
21	Etu21	7	6	4	2	5	8	0	1	3	
22	Etu22	3	4	8	5	6	7	2	1	0	
23	Etu23	7	2	6	1	5	4	3	0	8	
24	Etu24	8	7	1	4	6	2	0	5	3	
25	Etu25	6	8	7	2	1	4	3	5	0	
26	Etu26	2	8	1	6	3	5	7	0	4	
27	Etu27	7	8	6	2	5	1	4	0	3	
28	Etu28	6	0	1	2	8	3	4	7	5	
29	Etu29	7	0	5	8	6	1	4	2	3	
30	Etu30	4	2	3	8	7	5	1	6	0	
31	Etu31	7	6	8	1	5	3	2	0	4	
32	Etu32	8	7	6	2	5	1	4	0	3	
33	Etu33	7	1	8	5	4	0	3	2	6	
34	Etu34	7	4	5	8	0	2	6	3	1	
35	Etu35	5	1	4	3	7	0	8	6	2	
36	Etu36	5	1	0	4	6	2	8	3	7	
37	Etu37	6	0	7	5	3	2	4	1	8	
38	Etu38	1	6	4	0	3	2	7	8	5	
39	Etu39	2	1	3	8	6	0	4	5	7	
40	Etu40	8	0	2	4	3	7	5	6	1	
41	Etu41	7	2	5	3	0	1	8	4	6	
42	Etu42	7	0	2	8	4	1	6	5	3	
43	Etu43	3	1	4	0	6	2	5	7	8	
44	Etu44	8	3	7	2	1	6	5	0	4	
45	Etu45	4	7	6	3	2	1	5	0	8	
46	Etu46	8	0	7	5	4	1	2	6	3	
47	Etu47	4	7	8	3	5	6	2	0	1	
48	Etu48	2	5	7	8	6	3	0	4	1	
49	Etu49	8	1	6	3	5	0	2	4	7	
50	Etu50	5	3	6	0	4	1	8	2	7	
51	Etu51	1	6	7	2	5	0	3	4	8	
52	Etu52	7	4	8	2	0	3	5	1	6	
53	Etu53	3	4	2	1	7	6	0	8	5	
54	Etu54	7	4	1	8	5	3	0	2	6	
55	Etu55	0	7	4	6	3	1	5	2	8	
56	Etu56	8	6	5	0	7	1	4	3	2	
57	Etu57	0	4	2	8	5	1	3	6	7	
58	Etu58	1	0	8	7	5	4	3	6	2	
59	Etu59	4	5	1	0	6	8	7	3	2	
60	Etu60	3	5	2	8	4	7	1	0	6	
61	Etu61	4	1	2	8	6	5	7	3	0	
62	Etu62	6	8	0	1	7	3	4	5	2	
63	Etu63	6	2	3	4	7	5	8	1	0	
64	Etu64	8	1	6	2	3	7	4	0	5	
65	Etu65	1	4	8	3	0	7	6	5	2	
66	Etu66	8	5	3	7	0	1	4	2	6	
67	Etu67	1	0	3	5	8	4	6	7	2	
68	Etu68	5	0	8	3	1	2	6	4	7	
69	Etu69	7	0	2	6	5	3	4	8	1	
70	Etu70	8	5	2	4	0	6	7	1	3	
71	Etu71	4	2	5	8	3	6	0	1	7	
72	Etu72	4	6	1	2	7	5	3	8	0	
73	Etu73	1	8	5	6	4	7	3	0	2	
74	Etu74	4	8	3	1	6	2	5	0	7	
75	Etu75	6	8	1	3	7	0	5	4	2	
76	Etu76	7	4	6	3	5	1	2	0	8	
77	Etu77	3	0	6	2	8	4	1	7	5	
78	Etu78	5	1	8	7	4	2	3	6	0	
79	Etu79	8	2	7	1	5	4	6	3	0	
80	Etu80	8	4	1	3	0	2	7	5	6	
81	Etu81	8	0	7	6	2	3	5	4	1	
82	Etu82	7	5	4	1	6	0	8	3	2	
83	Etu83	8	1	0	7	2	5	6	3	4	
84	Etu84	8	0	1	2	5	4	3	6	7	
85	Etu85	6	2	7	4	8	5	1	3	0	
86	Etu86	0	8	2	5	7	4	3	6	1	
87	Etu87	3	4	1	6	7	8	0	2	5	
88	Etu88	2	3	1	8	6	5	0	7	4	
89	Etu89	1	7	3	5	4	6	2	0	8	
90	Etu90	0	7	1	3	8	6	4	5	2	
91	Etu91	1	4	2	7	6	5	8	3	0	
92	Etu92	8	4	3	2	0	1	6	7	5	
93	Etu93	7	8	2	4	6	0	5	3	1	
94	Etu94	7	5	2	0	6	1	3	8	4	
95	Etu95	4	1	6	7	5	8	2	0	3	
96	Etu96	6	5	2	8	0	1	4	3	7	
97	Etu97	2	7	8	5	6	1	3	0	4	
98	Etu98	8	0	6	5	7	3	4	1	2	
99	Etu99	4	2	3	8	7	1	0	5	6	
100	Etu100	6	8	0	4	2	1	3	5	7	
101	Etu101	6	7	1	0	4	5	2	8	3	
102	Etu102	5	7	1	4	6	0	2	8	3	
103	Etu103	4	7	3	6	1	5	0	2	8	
104	Etu104	3	6	1	7	5	2	4	0	8	
105	Etu105	1	7	0	8	3	5	4	2	6	
106	Etu106	4	3	5	7	0	6	2	8	1	
107	Etu107	6	3	4	1	8	0	5	7	2	
108	Etu108	1	0	8	7	3	6	2	4	5	
109	Etu109	3	7	2	8	0	6	4	5	1	
110	Etu110	8	7	6	3	2	5	0	1	4	
111	Etu111	2	0	6	7	8	1	5	4	3	
112	Etu112	5	2	1	0	3	8	7	6	4	
113	Etu113	2	8	6	5	7	1	0	3	4	
114	Etu114	6	1	8	2	3	5	0	7	4	
115	Etu115	8	2	7	5	1	0	4	3	6	
116	Etu116	3	1	2	0	8	6	7	4	5	
117	Etu117	4	0	2	6	3	5	7	8	1	
118	Etu118	5	2	0	7	6	8	3	1	4	
119	Etu119	8	7	3	0	1	4	5	6	2	
120	Etu120	1	0	4	6	5	3	8	2	7	
121	Etu121	5	3	1	4	2	8	7	6	0	
122	Etu122	4	5	8	3	7	1	2	6	0	
123	Etu123	5	0	4	2	3	7	6	1	8	
124	Etu124	5	8	6	2	3	4	7	0	1	
125	Etu125	6	7	2	3	0	1	5	8	4	
126	Etu126	4	6	7	8	5	1	2	3	0	
127	Etu127	2	6	5	7	1	8	0	4	3	
128	Etu128	1	0	2	6	4	8	3	5	7	
129	Etu129	7	4	6	2	3	8	0	5	1	
130	Etu130	3	0	8	4	1	6	5	2	7	
131	Etu131	3	6	4	1	7	0	8	5	2	
132	Etu132	7	6	8	4	0	3	2	5	1	
133	Etu133	5	2	3	0	1	7	6	8	4	
134	Etu134	0	2	5	4	3	8	7	6	1	
135	Etu135	2	4	7	3	8	5	1	6	0	
136	Etu136	3	8	7	4	5	6	0	1	2	
137	Etu137	5	0	6	2	7	8	1	4	3	
138	Etu138	8	7	4	3	2	5	1	0	6	
139	Etu139	2	7	3	1	5	0	4	8	6	
140	Etu140	4	0	5	7	1	2	3	6	8	
141	Etu141	0	6	5	2	7	1	8	4	3	
142	Etu142	7	8	4	0	6	1	3	2	5	
143	Etu143	8	6	2	1	0	7	3	5	4	
144	Etu144	7	3	6	8	1	2	0	4	5	
145	Etu145	8	5	1	2	6	7	3	4	0	
146	Etu146	6	5	2	4	8	1	7	0	3	
147	Etu147	3	0	1	8	4	7	2	6	5	
148	Etu148	2	6	4	8	3	0	5	7	1	
149	Etu149	0	6	2	8	3	1	4	7	5	
150	Etu150	7	4	6	2	3	5	8	1	0	
151	Etu151	0	1	2	7	3	6	5	8	4	
152	Etu152	4	8	0	6	7	5	3	2	1	
153	Etu153	5	3	1	4	7	2	8	6	0	
154	Etu154	0	7	8	5	3	6	4	2	1	
155	Etu155	3	1	0	7	5	8	4	6	2	
156	Etu156	3	4	1	2	5	7	0	6	8	
157	Etu157	8	2	1	0	3	5	6	7	4	
158	Etu158	1	8	4	7	0	2	5	3	6	
159	Etu159	0	7	4	5	1	6	8	2	3	
160	Etu160	1	3	4	2	6	0	5	7	8	
161	Etu161	1	5	8	6	3	2	4	7	0	
162	Etu162	4	3	1	7	6	5	8	0	2	
163	Etu163	3	7	4	5	2	0	1	8	6	
164	Etu164	7	1	8	0	6	3	5	4	2	
165	Etu165	6	3	8	5	0	2	1	4	7	
166	Etu166	7	1	6	0	8	3	5	4	2	
167	Etu167	4	8	3	7	2	5	0	6	1	
168	Etu168	6	4	7	5	3	1	8	2	0	
169	Etu169	4	0	6	5	8	7	3	1	2	
170	Etu170	8	7	3	1	4	5	0	2	6	
171	Etu171	1	7	5	3	0	8	6	2	4	
172	Etu172	3	0	1	2	6	4	7	5	8	
173	Etu173	6	8	4	0	3	7	5	1	2	
174	Etu174	1	4	3	0	8	2	5	7	6	
175	Etu175	3	2	5	6	8	0	7	1	4	
176	Etu176	1	8	4	2	6	5	0	7	3	
177	Etu177	4	0	7	2	8	3	6	1	5	
178	Etu178	6	3	7	1	2	4	0	8	5	
179	Etu179	4	8	0	1	5	6	2	3	7	
180	Etu180	4	3	6	5	7	2	1	8	0	
181	Etu181	8	3	7	0	2	4	1	6	5	
182	Etu182	3	6	1	4	7	8	5	0	2	
183	Etu183	8	3	2	0	1	5	6	4	7	
184	Etu184	3	0	4	8	6	2	1	5	7	
185	Etu185	6	4	5	1	8	3	7	0	2	
186	Etu186	3	8	5	4	1	6	0	2	7	
187	Etu187	3	1	5	4	7	2	6	0	8	
188	Etu188	0	2	3	1	7	5	4	6	8	
189	Etu189	8	0	6	7	2	4	3	5	1	
190	Etu190	4	3	7	8	6	5	2	1	0	
191	Etu191	0	6	7	2	1	8	5	3	4	
192	Etu192	1	5	2	8	4	0	7	3	6	
193	Etu193	4	1	0	5	6	8	2	7	3	
194	Etu194	8	2	1	6	4	7	5	3	0	
195	Etu195	8	6	1	2	5	4	3	7	0	
196	Etu196	7	8	1	4	0	2	5	3	6	
197	Etu197	1	4	6	2	0	8	3	7	5	
198	Etu198	0	3	8	7	1	4	5	6	2	
199	Etu199	4	1	3	7	5	2	6	0	8	
200	Etu200	8	7	5	2	0	4	6	3	1	
201	Etu201	2	6	8	0	4	1	3	5	7	
202	Etu202	1	6	8	7	3	2	0	5	4	
203	Etu203	0	3	4	8	5	1	7	2	6	
204	Etu204	4	3	2	7	6	0	5	8	1	
205	Etu205	0	5	4	3	7	8	6	2	1	
206	Etu206	4	1	2	3	6	5	8	0	7	
207	Etu207	5	7	3	6	4	1	0	8	2	
208	Etu208	4	8	6	0	5	2	1	3	7	
209	Etu209	8	5	1	7	0	3	6	2	4	
210	Etu210	8	4	7	3	1	0	5	2	6	
211	Etu211	1	2	0	5	6	3	8	7	4	
212	Etu212	8	5	7	4	3	1	2	0	6	
213	Etu213	3	5	8	2	1	7	0	6	4	
214	Etu214	8	0	5	6	2	7	3	4	1	
215	Etu215	8	7	0	3	2	6	1	4	5	
216	Etu216	2	0	5	7	8	3	4	1	6	
217	Etu217	5	3	6	1	8	7	0	2	4	
218	Etu218	8	2	4	6	3	1	0	7	5	
219	Etu219	6	8	0	4	7	2	1	5	3	
220	Etu220	5	4	8	7	3	2	0	1	6	
221	Etu221	2	5	0	8	7	3	1	4	6	
222	Etu222	6	5	4	0	3	8	7	1	2	
223	Etu223	0	8	3	2	5	4	1	7	6	
224	Etu224	6	8	2	4	3	1	0	7	5	
225	Etu225	2	0	4	7	3	5	8	6	1	
226	Etu226	5	8	6	4	0	2	1	7	3	
227	Etu227	0	8	7	5	2	4	3	1	6	
228	Etu228	4	1	6	2	0	5	7	8	3	
229	Etu229	0	8	1	7	5	2	6	3	4	
230	Etu230	3	1	7	6	0	5	4	8	2	
231	Etu231	3	2	8	1	6	0	7	5	4	
232	Etu232	2	6	0	1	7	4	3	8	5	
233	Etu233	4	5	7	3	8	1	2	0	6	
234	Etu234	4	5	3	7	0	1	6	8	2	
235	Etu235	5	7	3	4	8	2	1	6	0	
236	Etu236	0	2	5	8	3	7	6	1	4	
237	Etu237	1	7	6	3	2	8	0	4	5	
238	Etu238	2	7	1	3	6	0	8	5	4	
239	Etu239	5	8	6	2	3	4	7	1	0	
240	Etu240	2	8	3	6	0	5	7	4	1	
241	Etu241	2	8	6	7	4	5	3	1	0	
242	Etu242	8	1	6	5	3	7	4	2	0	
243	Etu243	4	7	0	6	8	2	5	3	1	
244	Etu244	3	4	1	6	8	5	0	7	2	
245	Etu245	2	5	8	1	4	3	0	6	7	
246	Etu246	5	6	0	2	3	8	7	1	4	
247	Etu247	6	4	1	8	5	2	0	7	3	
248	Etu248	7	8	2	1	6	5	0	3	4	
249	Etu249	0	6	4	5	7	8	2	3	1	
250	Etu250	0	4	7	5	1	3	8	6	2	
251	Etu251	0	3	4	5	8	1	2	7	6	
252	Etu252	6	2	0	3	4	5	7	8	1	
253	Etu253	5	6	0	1	3	2	4	7	8	
254	Etu254	2	8	7	3	1	6	5	4	0	
255	Etu255	7	1	4	5	2	3	8	0	6	
256	Etu256	6	7	4	1	3	5	8	0	2	
257	Etu257	4	0	8	1	7	5	6	2	3	
258	Etu258	8	4	1	2	0	7	5	6	3	
259	Etu259	0	7	8	4	1	6	3	5	2	
260	Etu260	7	2	1	0	6	8	3	4	5	
261	Etu261	8	2	0	5	4	3	1	7	6	
262	Etu262	5	6	7	1	2	0	3	8	4	
263	Etu263	7	4	2	5	1	0	3	8	6	
264	Etu264	0	7	6	1	2	3	4	8	5	
265	Etu265	3	6	1	4	5	2	8	0	7	
266	Etu266	4	8	5	7	0	3	2	6	1	
267	Etu267	4	2	0	5	3	7	1	8	6	
268	Etu268	6	8	0	4	1	5	3	2	7	
269	Etu269	6	4	3	1	7	0	2	5	8	
270	Etu270	1	5	3	8	7	4	2	6	0	
271	Etu271	6	4	1	2	8	5	0	3	7	
272	Etu272	5	2	7	8	4	3	6	0	1	
273	Etu273	4	3	0	2	8	6	5	7	1	
274	Etu274	0	3	7	6	1	8	2	4	5	
275	Etu275	3	2	5	6	4	8	1	7	0	
276	Etu276	0	8	6	2	1	3	4	7	5	
277	Etu277	6	1	5	4	2	3	7	8	0	
278	Etu278	4	2	0	3	6	8	7	1	5	
279	Etu279	5	0	1	4	3	2	6	7	8	
280	Etu280	3	8	0	5	6	2	1	7	4	
281	Etu281	4	0	3	8	2	1	6	7	5	
282	Etu282	4	1	7	6	0	8	2	3	5	
283	Etu283	2	0	3	6	5	4	8	7	1	
284	Etu284	3	1	8	2	0	7	4	6	5	
285	Etu285	0	7	2	6	1	3	5	4	8	
286	Etu286	6	1	7	2	0	3	5	4	8	
287	Etu287	0	7	3	2	5	1	6	8	4	
288	Etu288	1	3	6	2	7	5	8	4	0	
289	Etu289	2	5	3	1	8	0	4	6	7	
290	Etu290	3	0	4	2	7	8	5	1	6	
291	Etu291	8	1	5	2	6	4	7	0	3	
292	Etu292	4	5	0	8	7	2	3	1	6	
293	Etu293	4	6	2	3	7	1	0	8	5	
294	Etu294	7	0	1	3	2	8	6	5	4	
295	Etu295	5	0	7	2	8	4	1	3	6	
296	Etu296	4	0	2	1	5	7	8	6	3	
297	Etu297	7	4	2	6	0	5	1	8	3	
298	Etu298	7	0	6	5	3	2	4	1	8	
299	Etu299	2	3	7	8	4	0	5	1	6	
300	Etu300	4	0	1	6	2	8	5	3	7	
301	Etu301	3	4	8	1	0	2	5	6	7	
302	Etu302	5	8	7	4	3	1	6	0	2	
303	Etu303	0	4	2	6	5	7	1	3	8	
304	Etu304	2	5	1	7	3	4	0	6	8	
305	Etu305	6	5	7	3	2	1	4	0	8	
306	Etu306	7	6	4	3	0	1	8	2	5	
307	Etu307	0	5	2	3	8	1	6	4	7	
308	Etu308	8	4	3	5	2	7	0	1	6	
309	Etu309	3	1	4	5	8	7	6	0	2	
310	Etu310	7	1	0	5	8	6	3	4	2	
311	Etu311	8	0	1	3	6	5	2	4	7	
312	Etu312	3	1	8	2	0	6	4	7	5	
313	Etu313	1	8	5	7	0	4	6	3	2	
314	Etu314	1	5	7	2	6	0	4	3	8	
315	Etu315	8	5	3	2	1	0	4	6	7	
316	Etu316	4	5	1	3	6	0	8	7	2	
317	Etu317	5	1	2	4	6	7	3	0	8	
318	Etu318	6	5	2	0	3	7	4	1	8	
319	Etu319	0	4	1	2	7	6	3	8	5	
320	Etu320	8	4	0	3	1	5	6	2	7	
321	Etu321	2	6	5	0	7	3	4	8	1	
322	Etu322	5	2	0	8	6	7	3	4	1	
323	Etu323	5	3	1	2	6	8	7	0	4	
324	Etu324	2	7	1	8	3	0	4	6	5	
325	Etu325	7	2	8	3	5	1	4	6	0	
326	Etu326	0	3	2	6	8	7	5	1	4	
327	Etu327	4	5	2	1	7	3	8	0	6	
328	Etu328	7	6	8	5	3	2	0	4	1	
329	Etu329	0	3	4	1	6	7	2	5	8	
330	Etu330	6	5	1	0	4	8	2	7	3	
331	Etu331	2	6	5	0	7	3	4	8	1	
332	Etu332	6	3	7	8	4	1	0	2	5	
333	Etu333	5	1	3	4	0	7	2	6	8	
334	Etu334	6	1	2	7	8	3	4	0	5	
335	Etu335	5	3	1	2	8	6	4	0	7	
336	Etu336	7	2	8	3	6	0	4	5	1	
337	Etu337	7	4	6	2	5	3	8	1	0	
338	Etu338	0	7	8	3	5	1	2	6	4	
339	Etu339	0	2	4	1	7	3	5	8	6	
340	Etu340	6	3	5	4	2	7	1	8	0	
341	Etu341	7	4	1	5	8	0	2	6	3	
342	Etu342	4	1	3	0	8	7	5	2	6	
343	Etu343	5	1	3	4	7	6	0	8	2	
344	Etu344	5	6	1	7	0	8	3	2	4	
345	Etu345	1	8	4	5	2	6	7	3	0	
346	Etu346	0	5	8	6	4	7	2	1	3	
347	Etu347	5	3	1	0	2	4	6	8	7	
348	Etu348	0	7	3	6	8	2	4	5	1	
349	Etu349	5	0	7	8	2	3	4	6	1	
350	Etu350	4	8	7	1	5	3	2	0	6	
351	Etu351	5	8	6	4	1	3	2	0	7	
352	Etu352	0	4	8	5	6	2	1	7	3	
353	Etu353	5	4	6	0	7	2	1	8	3	
354	Etu354	3	0	8	7	2	6	1	4	5	
355	Etu355	0	8	4	6	1	7	3	5	2	
356	Etu356	4	0	5	6	7	8	3	2	1	
357	Etu357	4	1	7	5	3	2	6	0	8	
358	Etu358	0	4	5	3	1	8	6	7	2	
359	Etu359	4	7	8	1	2	0	3	5	6	
360	Etu360	5	8	3	7	4	1	2	6	0	
361	Etu361	7	0	8	1	6	3	5	4	2	
362	Etu362	6	4	5	3	1	8	2	7	0	
363	Etu363	0	8	5	7	1	3	4	6	2	
364	Etu364	5	1	6	2	3	0	4	7	8	
365	Etu365	7	4	8	6	3	0	1	2	5	
366	Etu366	8	1	6	4	2	3	0	5	7	
367	Etu367	5	4	0	8	6	3	2	1	7	
368	Etu368	7	0	6	1	3	2	4	8	5	
369	Etu369	5	7	1	8	2	3	0	6	4	
370	Etu370	8	2	1	6	0	4	3	5	7	
371	Etu371	3	0	5	8	1	2	7	4	6	
372	Etu372	4	5	1	3	6	7	2	0	8	
373	Etu373	5	0	8	6	2	3	4	1	7	
374	Etu374	7	5	0	1	8	4	6	3	2	
375	Etu375	1	8	0	6	2	3	7	5	4	
376	Etu376	6	5	1	4	3	8	2	0	7	
377	Etu377	2	3	8	6	5	0	4	7	1	
378	Etu378	1	6	8	5	3	4	0	2	7	
379	Etu379	0	3	5	4	1	8	7	2	6	
380	Etu380	2	0	8	1	7	3	6	5	4	
381	Etu381	8	2	3	4	6	0	5	7	1	
382	Etu382	7	8	2	0	5	6	3	4	1	
383	Etu383	8	5	4	7	3	0	1	2	6	
384	Etu384	5	7	4	1	3	2	0	8	6	
385	Etu385	4	0	7	1	6	8	3	5	2	
386	Etu386	1	6	5	3	2	4	0	8	7	
387	Etu387	1	4	5	0	7	6	2	8	3	
388	Etu388	4	6	7	1	2	3	8	5	0	
389	Etu389	2	8	7	6	1	0	3	4	5	
390	Etu390	4	3	5	6	2	8	0	7	1	
391	Etu391	5	2	7	0	3	4	6	8	1	
392	Etu392	2	8	5	3	0	6	4	7	1	
393	Etu393	2	0	1	3	7	4	6	8	5	
394	Etu394	7	6	0	8	3	2	1	5	4	
395	Etu395	3	5	7	8	4	6	2	0	1	
396	Etu396	5	8	0	2	6	3	1	4	7	
397	Etu397	1	6	8	0	3	5	7	4	2	
398	Etu398	3	4	1	5	7	2	0	6	8	
399	Etu399	5	2	6	1	4	3	8	7	0	
400	Etu400	7	8	2	3	0	1	4	6	5	
401	Etu401	3	0	6	2	5	4	1	7	8	
402	Etu402	7	1	5	8	6	3	0	4	2	
403	Etu403	3	6	4	7	2	0	5	8	1	
404	Etu404	3	0	5	6	1	7	4	8	2	
405	Etu405	5	6	4	8	2	0	7	3	1	
406	Etu406	0	5	1	2	6	8	3	4	7	
407	Etu407	4	6	3	5	0	7	2	8	1	
408	Etu408	3	2	8	1	6	7	4	5	0	
409	Etu409	1	6	4	0	3	8	2	5	7	
410	Etu410	2	4	6	8	7	5	0	1	3	
411	Etu411	6	4	5	8	3	2	7	0	1	
412	Etu412	1	4	6	2	0	3	5	8	7	
413	Etu413	6	4	7	3	0	5	8	1	2	
414	Etu414	8	4	7	6	2	0	3	5	1	
415	Etu415	6	8	5	4	2	1	3	7	0	
416	Etu416	3	5	2	8	7	4	6	0	1	
417	Etu417	2	3	7	8	5	4	6	1	0	
418	Etu418	1	6	5	4	3	0	2	8	7	
419	Etu419	4	2	5	6	8	3	1	0	7	
420	Etu420	3	6	1	2	0	5	4	8	7	
421	Etu421	0	6	1	5	2	3	4	8	7	
422	Etu422	4	1	0	5	7	8	3	2	6	
423	Etu423	3	5	7	1	8	6	0	2	4	
424	Etu424	4	1	0	5	2	8	3	7	6	
425	Etu425	5	0	8	6	7	2	1	3	4	
426	Etu426	5	6	8	1	7	0	2	3	4	
427	Etu427	4	6	8	2	7	0	1	5	3	
428	Etu428	1	6	7	3	8	4	0	2	5	
429	Etu429	5	3	2	7	1	4	6	0	8	
430	Etu430	7	5	1	0	3	6	8	4	2	
431	Etu431	1	0	6	5	2	7	4	8	3	
432	Etu432	1	6	4	3	2	5	8	7	0	
433	Etu433	3	5	0	4	8	1	2	6	7	
434	Etu434	0	3	1	7	6	2	8	5	4	
435	Etu435	7	3	5	6	8	2	0	1	4	
436	Etu436	8	6	4	0	2	1	5	3	7	
437	Etu437	3	5	2	4	8	6	0	7	1	
438	Etu438	2	5	6	7	3	0	1	4	8	
439	Etu439	0	5	7	2	1	6	8	4	3	
440	Etu440	2	1	3	5	8	6	7	0	4	
441	Etu441	7	0	3	1	2	4	6	5	8	
442	Etu442	7	2	0	4	6	8	3	1	5	
443	Etu443	6	2	0	8	1	4	7	5	3	
444	Etu444	8	2	7	1	5	6	0	3	4	
445	Etu445	0	3	5	8	2	1	4	7	6	
446	Etu446	0	5	2	1	4	7	8	6	3	
447	Etu447	4	2	6	0	1	5	7	3	8	
448	Etu448	7	0	1	3	8	4	2	5	6	
449	Etu449	8	0	2	1	6	4	7	5	3	
450	Etu450	7	3	2	8	1	4	5	0	6	
451	Etu451	5	1	7	8	6	3	2	0	4	
452	Etu452	1	3	6	4	7	5	0	2	8	
453	Etu453	2	6	0	1	5	8	7	4	3	
454	Etu454	5	1	8	7	2	4	6	0	3	
455	Etu455	7	5	3	0	4	1	8	2	6	
456	Etu456	7	5	0	2	8	4	1	6	3	
457	Etu457	8	7	0	1	2	4	5	6	3	
458	Etu458	5	7	1	4	3	6	0	2	8	
459	Etu459	8	0	5	3	2	7	6	1	4	
460	Etu460	5	2	8	3	6	0	4	1	7	
461	Etu461	6	4	5	1	0	8	3	2	7	
462	Etu462	6	1	3	7	8	2	4	5	0	
463	Etu463	0	1	5	7	3	8	6	2	4	
464	Etu464	6	3	5	2	1	7	8	0	4	
465	Etu465	7	4	1	5	2	6	3	8	0	
466	Etu466	0	5	4	7	8	3	6	1	2	
467	Etu467	8	1	2	0	6	5	3	7	4	
468	Etu468	2	5	6	3	8	1	7	4	0	
469	Etu469	1	8	7	4	6	3	5	0	2	
470	Etu470	4	3	8	5	6	7	1	2	0	
471	Etu471	2	8	5	1	7	4	0	3	6	
472	Etu472	6	4	7	1	5	3	8	0	2	
473	Etu473	7	8	3	5	0	1	6	2	4	
474	Etu474	7	3	0	1	2	6	8	4	5	
475	Etu475	0	1	8	7	3	2	5	4	6	
476	Etu476	2	4	3	6	5	7	8	0	1	
477	Etu477	2	0	5	4	8	1	6	3	7	
478	Etu478	2	5	0	1	6	7	8	3	4	
479	Etu479	3	1	6	7	2	5	8	0	4	
480	Etu480	2	7	3	1	4	6	0	8	5	
481	Etu481	0	6	7	8	3	2	4	5	1	
482	Etu482	4	6	5	7	1	8	0	3	2	
483	Etu483	3	7	8	2	6	1	0	5	4	
484	Etu484	8	3	2	4	0	6	5	7	1	
485	Etu485	0	6	2	5	3	1	4	7	8	
486	Etu486	2	3	5	7	4	0	6	1	8	
487	Etu487	1	2	0	6	7	8	5	3	4	
488	Etu488	4	3	5	6	7	0	8	1	2	
489	Etu489	0	1	4	2	8	7	6	3	5	
490	Etu490	8	5	7	0	1	4	6	2	3	
491	Etu491	6	3	0	7	8	4	5	1	2	
492	Etu492	4	7	1	6	0	8	5	2	3	
493	Etu493	6	3	7	8	0	1	2	5	4	
494	Etu494	2	7	4	5	6	3	1	8	0	
495	Etu495	1	6	8	3	4	5	7	0	2	
496	Etu496	0	4	6	2	3	1	7	5	8	
497	Etu497	3	5	4	7	1	2	8	6	0	
498	Etu498	5	6	3	8	2	7	1	0	4	
499	Etu499	0	3	5	2	6	8	1	7	4	
500	Etu500	3	7	5	0	8	1	6	4	2	
501	Etu501	7	8	3	4	1	5	6	2	0	
502	Etu502	2	4	0	7	5	1	8	3	6	
503	Etu503	2	6	4	8	5	1	3	0	7	
504	Etu504	0	8	5	2	4	7	3	1	6	
505	Etu505	7	1	8	4	3	0	2	6	5	
506	Etu506	5	1	6	3	4	7	8	0	2	
507	Etu507	0	3	6	7	2	1	4	8	5	
508	Etu508	1	8	7	0	2	6	5	3	4	
509	Etu509	3	7	8	0	5	1	6	4	2	
510	Etu510	1	0	8	4	7	3	5	6	2	
511	Etu511	0	1	2	4	7	8	6	5	3	
512	Etu512	8	4	0	5	6	7	2	1	3	
513	Etu513	5	1	4	3	6	2	8	0	7	
514	Etu514	1	8	4	7	2	0	3	5	6	
515	Etu515	5	8	0	3	6	2	4	7	1	
516	Etu516	7	0	3	6	2	5	4	8	1	
517	Etu517	0	8	2	1	5	7	3	6	4	
518	Etu518	1	6	5	0	8	7	2	3	4	
519	Etu519	7	1	5	3	6	8	2	0	4	
520	Etu520	3	8	1	7	4	6	2	0	5	
521	Etu521	7	2	1	0	3	4	8	6	5	
522	Etu522	8	6	3	1	7	0	5	2	4	
523	Etu523	5	3	2	8	7	0	4	6	1	
524	Etu524	1	2	5	6	0	3	7	8	4	
525	Etu525	0	7	5	8	4	2	6	1	3	
526	Etu526	0	1	2	6	4	7	8	5	3	
527	Etu527	7	6	4	2	5	1	8	3	0	
528	Etu528	1	2	6	8	3	0	7	4	5	
529	Etu529	0	8	5	2	6	4	7	1	3	
530	Etu530	1	5	4	3	8	6	0	2	7	
531	Etu531	7	6	5	3	8	0	1	2	4	
532	Etu532	2	5	4	8	0	3	1	6	7	
533	Etu533	2	3	5	7	6	4	0	8	1	
534	Etu534	4	5	8	3	0	1	2	7	6	
535	Etu535	6	5	1	8	0	3	4	7	2	
536	Etu536	6	1	3	7	4	5	0	2	8	
537	Etu537	7	1	6	3	0	8	4	5	2	
538	Etu538	1	7	8	5	2	6	3	0	4	
539	Etu539	8	4	2	6	0	7	5	1	3	
540	Etu540	8	0	1	7	6	5	2	3	4	
541	Etu541	5	0	7	4	3	2	1	6	8	
542	Etu542	1	7	0	8	4	6	3	5	2	
543	Etu543	0	6	8	7	3	2	1	5	4	
544	Etu544	2	6	5	8	7	0	3	1	4	
545	Etu545	6	4	3	2	8	5	1	7	0	
546	Etu546	7	2	8	1	0	3	5	6	4	
547	Etu547	8	3	0	5	7	6	4	1	2	
548	Etu548	4	8	6	1	7	5	2	3	0	
549	Etu549	6	3	2	8	7	1	5	4	0	
550	Etu550	0	7	4	6	8	3	2	1	5	
551	Etu551	4	6	8	2	3	0	7	5	1	
552	Etu552	4	1	6	0	5	2	8	3	7	
553	Etu553	6	0	3	5	8	1	7	4	2	
554	Etu554	4	8	5	2	1	6	0	3	7	
555	Etu555	8	1	6	0	5	3	4	7	2	
556	Etu556	8	6	1	3	7	4	5	0	2	
557	Etu557	4	5	0	8	1	3	7	2	6	
558	Etu558	5	0	4	7	3	1	8	2	6	
559	Etu559	7	3	8	2	0	5	6	4	1	
560	Etu560	8	1	4	2	5	0	3	6	7	
561	Etu561	3	7	1	8	2	0	6	4	5	
562	Etu562	1	3	5	0	8	4	6	7	2	
563	Etu563	3	1	4	8	5	6	0	2	7	
564	Etu564	3	2	6	0	5	7	1	4	8	
565	Etu565	7	4	2	8	3	1	0	5	6	
566	Etu566	3	8	7	2	5	6	4	1	0	
567	Etu567	1	8	2	6	3	0	5	7	4	
568	Etu568	8	6	1	2	4	7	0	3	5	
569	Etu569	7	4	2	3	6	8	0	5	1	
570	Etu570	0	1	6	5	3	4	2	8	7	
571	Etu571	3	4	6	5	2	7	8	0	1	
572	Etu572	4	5	0	6	2	7	1	8	3	
573	Etu573	7	4	6	2	8	1	3	5	0	
574	Etu574	1	3	7	4	0	8	2	6	5	
575	Etu575	2	3	0	1	4	6	5	8	7	
576	Etu576	3	6	5	8	4	0	7	2	1	
577	Etu577	0	4	1	7	8	3	2	5	6	
578	Etu578	6	3	4	8	2	7	1	5	0	
579	Etu579	6	3	4	2	8	5	0	7	1	
580	Etu580	0	7	6	4	3	1	8	5	2	
581	Etu581	2	8	5	1	7	6	3	0	4	
582	Etu582	1	7	5	8	2	0	4	3	6	
583	Etu583	2	6	1	7	3	4	8	0	5	
584	Etu584	8	1	4	6	5	2	3	0	7	
585	Etu585	7	2	5	4	8	6	3	0	1	
586	Etu586	7	4	3	8	2	0	1	5	6	
587	Etu587	2	6	8	1	3	0	7	5	4	
588	Etu588	6	2	0	4	8	1	5	3	7	
589	Etu589	6	7	3	5	0	4	2	1	8	
590	Etu590	4	6	0	5	3	2	8	7	1	
591	Etu591	5	8	1	0	6	3	7	4	2	
592	Etu592	0	7	1	2	6	5	4	3	8	
593	Etu593	1	8	4	2	6	5	0	7	3	
594	Etu594	7	8	5	3	0	1	6	2	4	
595	Etu595	3	0	1	4	6	5	8	7	2	
596	Etu596	7	4	5	8	2	3	0	6	1	
597	Etu597	3	8	1	4	7	6	5	2	0	
598	Etu598	4	1	2	0	3	5	8	6	7	
599	Etu599	1	7	2	4	6	8	0	3	5	
600	Etu600	8	3	2	1	5	7	4	6	0	
601	Etu601	8	0	6	7	4	5	3	1	2	
602	Etu602	3	5	2	4	1	6	8	0	7	
603	Etu603	4	5	7	3	0	8	6	2	1	
604	Etu604	4	1	8	0	6	5	3	7	2	
605	Etu605	4	6	1	0	3	5	2	8	7	
606	Etu606	7	4	6	3	5	1	0	2	8	
607	Etu607	6	1	2	3	8	7	5	4	0	
608	Etu608	2	1	7	4	5	6	8	3	0	
609	Etu609	6	4	8	7	5	1	3	0	2	
610	Etu610	6	0	5	7	1	8	2	4	3	
611	Etu611	7	0	2	8	5	4	3	1	6	
612	Etu612	2	5	6	3	8	7	0	1	4	
613	Etu613	7	4	6	5	2	1	0	3	8	
614	Etu614	4	8	1	0	2	3	5	6	7	
615	Etu615	3	0	6	5	1	8	4	7	2	
616	Etu616	2	5	7	1	3	4	0	8	6	
617	Etu617	8	3	7	4	0	5	1	6	2	
618	Etu618	3	0	7	5	4	2	6	8	1	
619	Etu619	1	4	3	6	0	7	2	5	8	
620	Etu620	1	6	8	7	3	0	2	4	5	
621	Etu621	1	2	0	3	7	5	8	6	4	
622	Etu622	0	1	8	3	4	2	6	5	7	
623	Etu623	4	8	0	1	7	2	6	5	3	
624	Etu624	2	5	6	7	8	4	3	0	1	
625	Etu625	8	7	6	5	2	1	3	0	4	
626	Etu626	0	8	2	6	5	4	7	1	3	
627	Etu627	6	4	7	2	0	8	5	3	1	
628	Etu628	0	5	1	3	6	4	8	2	7	
629	Etu629	5	6	3	0	7	1	2	8	4	
630	Etu630	7	5	2	1	3	6	0	8	4	
631	Etu631	6	5	8	0	4	7	3	2	1	
632	Etu632	5	4	1	3	2	8	0	6	7	
633	Etu633	5	7	0	4	1	8	3	6	2	
634	Etu634	2	6	1	7	4	8	5	3	0	
635	Etu635	6	0	8	7	5	2	3	1	4	
636	Etu636	1	7	6	3	0	4	8	2	5	
637	Etu637	4	3	1	0	5	8	2	7	6	
638	Etu638	8	0	3	2	7	1	6	4	5	
639	Etu639	1	6	3	4	7	5	8	0	2	
640	Etu640	8	0	6	4	7	2	1	3	5	
641	Etu641	8	1	5	4	2	7	6	0	3	
642	Etu642	7	0	1	8	3	2	5	4	6	
643	Etu643	6	5	3	1	0	4	8	2	7	
644	Etu644	1	3	6	8	4	7	2	5	0	
645	Etu645	5	7	4	6	0	2	1	3	8	
646	Etu646	7	2	0	3	8	6	1	5	4	
647	Etu647	6	3	4	5	2	8	0	1	7	
648	Etu648	7	1	6	2	3	0	5	8	4	
649	Etu649	0	8	2	4	1	7	6	3	5	
650	Etu650	6	5	3	4	2	1	8	7	0	
651	Etu651	3	0	6	2	7	5	1	8	4	
652	Etu652	6	1	3	5	4	2	7	0	8	
653	Etu653	3	4	7	6	0	2	8	1	5	
654	Etu654	8	7	0	1	3	2	4	5	6	
655	Etu655	6	8	0	3	2	1	4	5	7	
656	Etu656	1	4	2	6	0	7	3	8	5	
657	Etu657	3	5	8	1	2	6	7	0	4	
658	Etu658	1	5	2	0	6	3	7	4	8	
659	Etu659	6	0	8	1	7	4	3	2	5	
660	Etu660	0	7	6	5	8	2	1	3	4	
661	Etu661	2	6	4	5	1	8	3	0	7	
662	Etu662	2	6	7	8	1	5	4	0	3	
663	Etu663	7	8	1	2	3	5	4	0	6	
664	Etu664	1	0	8	4	3	5	6	7	2	
665	Etu665	0	2	6	3	5	7	1	4	8	
666	Etu666	0	2	7	3	6	8	4	5	1	
667	Etu667	8	3	6	0	1	4	7	2	5	
668	Etu668	1	2	3	8	4	5	6	0	7	
669	Etu669	1	3	8	2	6	0	5	4	7	
670	Etu670	4	1	0	5	8	7	6	3	2	
671	Etu671	4	3	8	6	2	1	7	0	5	
672	Etu672	2	4	1	5	7	0	3	6	8	
673	Etu673	7	4	3	1	2	5	8	6	0	
674	Etu674	4	0	1	7	6	3	5	8	2	
675	Etu675	3	2	5	1	0	8	7	4	6	
676	Etu676	3	6	2	7	8	1	4	5	0	
677	Etu677	5	7	6	3	1	0	4	2	8	
678	Etu678	4	5	3	8	7	6	0	2	1	
679	Etu679	0	7	4	5	1	2	6	3	8	
680	Etu680	4	3	2	0	7	6	5	1	8	
681	Etu681	1	0	8	4	3	7	5	2	6	
682	Etu682	1	5	0	7	2	6	3	4	8	
683	Etu683	8	4	1	3	0	2	7	6	5	
684	Etu684	4	8	5	3	0	6	1	2	7	
685	Etu685	7	8	2	1	5	6	4	3	0	
686	Etu686	8	4	3	6	5	0	1	7	2	
687	Etu687	0	1	6	2	7	5	3	8	4	
688	Etu688	6	5	3	2	7	0	8	1	4	
689	Etu689	6	8	7	0	1	3	2	4	5	
690	Etu690	3	0	4	8	5	7	1	2	6	
691	Etu691	3	4	8	2	5	0	7	6	1	
692	Etu692	5	2	1	4	8	0	7	3	6	
693	Etu693	8	5	1	0	7	4	3	2	6	
694	Etu694	0	5	4	1	3	7	2	8	6	
695	Etu695	4	0	1	6	7	5	3	8	2	
696	Etu696	3	4	6	2	0	1	8	5	7	
697	Etu697	6	7	0	3	8	1	5	2	4	
698	Etu698	2	4	0	7	5	8	6	3	1	
699	Etu699	4	3	2	0	5	8	1	6	7	
700	Etu700	1	8	6	0	7	4	5	3	2	
701	Etu701	0	7	6	5	4	8	2	1	3	
702	Etu702	5	2	4	0	3	1	7	6	8	
703	Etu703	1	7	0	6	3	2	8	5	4	
704	Etu704	7	3	2	5	1	4	8	0	6	
705	Etu705	7	6	5	4	8	2	1	3	0	
706	Etu706	8	7	6	0	5	3	4	1	2	
707	Etu707	6	8	0	4	2	3	7	1	5	
708	Etu708	0	6	5	2	8	7	4	1	3	
709	Etu709	2	4	5	7	1	3	6	8	0	
710	Etu710	2	4	0	3	8	5	7	6	1	
711	Etu711	4	7	5	2	6	1	3	0	8	
712	Etu712	5	3	6	8	1	7	4	2	0	
713	Etu713	6	4	7	5	1	2	0	8	3	
714	Etu714	3	8	2	0	4	6	7	1	5	
715	Etu715	1	6	4	8	0	5	7	2	3	
716	Etu716	1	2	3	4	0	8	5	7	6	
717	Etu717	6	7	5	3	0	1	4	8	2	
718	Etu718	0	8	7	5	1	3	6	2	4	
719	Etu719	8	4	5	7	1	0	6	3	2	
720	Etu720	4	8	5	1	6	0	7	3	2	
721	Etu721	7	8	2	6	3	0	1	5	4	
722	Etu722	2	6	5	7	1	4	3	0	8	
723	Etu723	6	7	8	0	3	2	5	1	4	
724	Etu724	7	1	6	3	2	4	5	0	8	
725	Etu725	5	3	7	2	6	4	8	0	1	
726	Etu726	1	5	2	3	0	6	7	4	8	
727	Etu727	8	4	2	7	1	3	5	0	6	
728	Etu728	5	2	1	4	0	3	7	8	6	
729	Etu729	3	0	7	8	6	5	2	4	1	
730	Etu730	6	0	7	2	3	8	1	4	5	
731	Etu731	2	7	3	1	5	8	4	0	6	
732	Etu732	2	1	5	0	3	4	8	6	7	
733	Etu733	3	8	6	4	1	5	7	2	0	
734	Etu734	8	7	6	1	4	5	2	3	0	
735	Etu735	0	3	5	4	1	8	6	2	7	
736	Etu736	2	8	0	7	3	5	4	1	6	
737	Etu737	7	5	4	6	0	1	2	8	3	
738	Etu738	6	5	0	8	1	2	3	4	7	
739	Etu739	4	6	8	2	0	1	7	5	3	
740	Etu740	5	2	7	3	8	6	1	0	4	
741	Etu741	3	0	6	4	1	8	7	5	2	
742	Etu742	7	5	6	1	0	3	4	8	2	
743	Etu743	8	5	6	0	2	3	4	7	1	
744	Etu744	6	7	3	5	0	2	1	4	8	
745	Etu745	8	5	7	6	0	1	3	2	4	
746	Etu746	2	5	6	7	4	8	3	0	1	
747	Etu747	7	4	5	1	3	8	0	2	6	
748	Etu748	2	7	8	6	1	4	5	3	0	
749	Etu749	7	0	6	5	4	1	8	3	2	
750	Etu750	7	5	2	3	8	0	6	1	4	
751	Etu751	7	6	2	8	4	5	3	1	0	
752	Etu752	3	1	8	4	7	0	5	6	2	
753	Etu753	6	2	7	1	0	8	4	3	5	
754	Etu754	3	8	4	2	5	6	0	1	7	
755	Etu755	7	5	2	8	6	3	4	0	1	
756	Etu756	3	5	4	2	1	6	7	0	8	
757	Etu757	2	3	5	7	4	1	6	0	8	
758	Etu758	2	5	6	7	3	1	4	0	8	
759	Etu759	6	2	0	4	8	5	7	3	1	
760	Etu760	6	7	3	5	8	0	2	1	4	
761	Etu761	0	6	2	4	3	8	1	5	7	
762	Etu762	0	2	5	3	8	7	1	4	6	
763	Etu763	2	5	4	6	0	3	7	1	8	
764	Etu764	4	5	2	6	0	8	7	3	1	
765	Etu765	0	4	2	7	1	6	5	3	8	
766	Etu766	3	8	5	6	7	1	0	2	4	
767	Etu767	8	7	5	6	1	3	2	4	0	
768	Etu768	1	0	3	5	4	6	8	2	7	
769	Etu769	2	3	6	8	1	0	4	5	7	
770	Etu770	5	3	7	2	8	6	0	4	1	
771	Etu771	7	1	8	0	6	2	3	5	4	
772	Etu772	0	6	2	3	5	7	8	1	4	
773	Etu773	5	3	1	8	6	2	7	0	4	
774	Etu774	4	0	8	1	6	3	2	7	5	
775	Etu775	7	3	5	2	4	6	8	1	0	
776	Etu776	8	4	6	7	0	3	5	2	1	
777	Etu777	4	0	6	5	2	3	7	1	8	
778	Etu778	5	0	1	8	7	4	3	2	6	
779	Etu779	8	6	5	1	7	0	2	4	3	
780	Etu780	6	3	8	4	5	7	1	0	2	
781	Etu781	5	2	8	4	3	0	7	6	1	
782	Etu782	5	1	7	6	2	8	4	3	0	
783	Etu783	0	6	5	2	7	4	1	8	3	
784	Etu784	1	5	7	3	6	8	4	0	2	
785	Etu785	3	2	8	6	7	1	4	5	0	
786	Etu786	6	4	2	1	0	7	5	8	3	
787	Etu787	3	7	1	0	2	5	8	4	6	
788	Etu788	0	4	6	7	3	5	2	1	8	
789	Etu789	3	4	0	6	7	5	1	8	2	
790	Etu790	3	2	7	5	0	1	6	4	8	
791	Etu791	0	1	3	5	8	6	2	7	4	
792	Etu792	6	7	1	8	4	3	2	0	5	
793	Etu793	6	1	5	2	3	8	7	4	0	
794	Etu794	4	3	0	1	2	5	8	6	7	
795	Etu795	4	0	3	7	2	1	5	6	8	
796	Etu796	0	6	1	7	3	8	5	2	4	
797	Etu797	0	4	2	3	7	1	5	8	6	
798	Etu798	6	0	4	1	5	7	8	3	2	
799	Etu799	8	6	1	5	7	3	0	2	4	
800	Etu800	2	3	5	4	0	1	8	7	6	
801	Etu801	6	7	3	0	1	4	2	8	5	
802	Etu802	1	2	7	4	0	3	6	5	8	
803	Etu803	6	8	0	4	7	3	1	5	2	
804	Etu804	4	6	1	3	7	8	5	0	2	
805	Etu805	8	7	6	5	1	2	0	3	4	
806	Etu806	5	2	1	4	0	6	8	3	7	
807	Etu807	1	8	5	0	4	3	6	2	7	
808	Etu808	7	6	1	8	4	5	3	0	2	
809	Etu809	2	0	1	6	8	3	7	4	5	
810	Etu810	1	4	0	3	6	8	2	5	7	
811	Etu811	3	8	2	0	7	5	4	1	6	
812	Etu812	6	3	1	0	4	8	2	5	7	
813	Etu813	0	3	6	7	1	4	2	5	8	
814	Etu814	1	3	6	2	4	0	8	5	7	
815	Etu815	4	0	7	8	5	6	1	2	3	
816	Etu816	7	6	4	5	0	2	8	3	1	
817	Etu817	5	3	2	6	4	7	0	1	8	
818	Etu818	0	3	2	4	6	5	8	7	1	
819	Etu819	1	5	6	2	8	3	4	0	7	
820	Etu820	0	1	2	7	6	4	8	5	3	
821	Etu821	8	1	5	6	3	0	4	7	2	
822	Etu822	7	3	8	4	1	6	2	5	0	
823	Etu823	7	0	1	3	5	6	2	4	8	
824	Etu824	1	0	3	2	6	8	4	7	5	
825	Etu825	7	3	1	5	6	8	4	0	2	
826	Etu826	1	5	3	8	2	7	4	6	0	
827	Etu827	3	2	8	1	4	7	6	5	0	
828	Etu828	3	1	7	6	5	4	8	2	0	
829	Etu829	7	8	5	6	0	1	4	2	3	
830	Etu830	5	8	4	6	7	3	1	2	0	
831	Etu831	2	1	6	8	4	0	7	5	3	
832	Etu832	4	0	7	1	3	8	5	2	6	
833	Etu833	7	6	4	8	0	1	5	2	3	
834	Etu834	3	2	1	6	8	5	4	0	7	
835	Etu835	1	0	4	3	6	2	8	5	7	
836	Etu836	8	3	7	5	0	2	1	6	4	
837	Etu837	0	6	5	1	2	3	8	4	7	
838	Etu838	1	3	0	8	6	2	4	5	7	
839	Etu839	6	2	0	7	4	5	1	3	8	
840	Etu840	2	5	0	6	4	8	1	3	7	
841	Etu841	2	6	8	4	3	0	7	1	5	
842	Etu842	5	3	4	2	8	7	6	0	1	
843	Etu843	7	1	3	6	8	4	0	5	2	
844	Etu844	1	4	3	5	2	7	8	0	6	
845	Etu845	7	8	4	3	0	5	2	1	6	
846	Etu846	7	0	2	6	5	4	8	3	1	
847	Etu847	4	6	2	5	8	0	7	3	1	
848	Etu848	5	0	1	4	3	6	2	8	7	
849	Etu849	0	5	2	6	8	7	1	3	4	
850	Etu850	5	1	4	7	6	0	2	3	8	
851	Etu851	2	7	4	3	8	1	0	5	6	
852	Etu852	5	0	1	2	4	6	7	8	3	
853	Etu853	1	7	3	2	6	0	4	8	5	
854	Etu854	4	2	8	1	7	3	0	6	5	
855	Etu855	1	4	5	0	8	6	3	2	7	
856	Etu856	0	1	6	4	8	7	3	5	2	
857	Etu857	6	8	7	4	0	1	3	2	5	
858	Etu858	0	4	7	6	5	8	3	1	2	
859	Etu859	2	5	7	6	1	0	8	4	3	
860	Etu860	3	1	8	4	5	0	2	6	7	
861	Etu861	2	4	7	1	5	0	3	6	8	
862	Etu862	2	6	8	5	3	1	4	7	0	
863	Etu863	0	6	7	2	4	3	8	5	1	
864	Etu864	7	4	2	0	5	3	8	6	1	
865	Etu865	5	2	7	6	8	1	0	4	3	
866	Etu866	0	1	7	8	6	3	5	2	4	
867	Etu867	5	6	7	0	1	4	2	8	3	
868	Etu868	7	2	5	8	6	0	4	3	1	
869	Etu869	0	3	2	7	4	6	8	5	1	
870	Etu870	8	3	1	2	6	4	7	0	5	
871	Etu871	2	5	4	1	0	7	6	3	8	
872	Etu872	0	1	7	2	8	4	3	5	6	
873	Etu873	4	0	1	2	5	7	3	8	6	
874	Etu874	1	3	7	5	8	6	2	4	0	
875	Etu875	8	0	5	2	4	1	7	6	3	
876	Etu876	6	4	1	7	5	0	3	8	2	
877	Etu877	1	5	4	8	2	3	0	6	7	
878	Etu878	7	8	0	1	4	6	3	5	2	
879	Etu879	5	7	3	2	6	1	0	8	4	
880	Etu880	4	8	3	6	1	0	7	5	2	
881	Etu881	0	6	2	7	5	8	1	4	3	
882	Etu882	0	4	8	7	3	2	6	1	5	
883	Etu883	1	7	8	5	4	3	2	6	0	
884	Etu884	3	0	1	5	8	4	7	2	6	
885	Etu885	3	0	6	5	2	1	8	7	4	
886	Etu886	5	0	1	3	6	2	4	8	7	
887	Etu887	2	8	7	5	3	6	0	4	1	
888	Etu888	1	8	5	0	3	7	2	6	4	
889	Etu889	0	6	1	7	5	4	2	3	8	
890	Etu890	0	2	5	6	3	7	4	1	8	
891	Etu891	4	3	0	1	7	2	8	5	6	
892	Etu892	0	8	7	6	1	4	3	2	5	
893	Etu893	3	6	5	7	8	2	0	4	1	
894	Etu894	2	1	4	3	6	0	8	5	7	
895	Etu895	0	6	1	3	8	5	7	2	4	
896	Etu896	1	0	8	2	4	5	6	7	3	
897	Etu897	3	4	5	0	8	6	7	2	1	
898	Etu898	7	6	0	3	1	2	4	5	8	
899	Etu899	1	8	5	7	4	2	6	0	3	
900	Etu900	4	2	0	7	5	3	8	6	1	
901	Etu901	4	1	7	0	6	8	3	2	5	
902	Etu902	2	3	5	6	8	4	7	0	1	
903	Etu903	4	7	3	6	0	8	1	2	5	
904	Etu904	1	4	7	8	0	6	2	5	3	
905	Etu905	8	2	1	5	0	6	3	7	4	
906	Etu906	0	5	6	3	2	8	7	1	4	
907	Etu907	4	8	7	0	1	2	5	6	3	
908	Etu908	5	1	3	2	0	6	7	8	4	
909	Etu909	2	5	8	0	3	7	4	1	6	
910	Etu910	3	1	2	4	6	7	8	0	5	
911	Etu911	1	5	7	4	0	2	3	8	6	
912	Etu912	1	8	3	2	4	5	6	7	0	
913	Etu913	4	7	8	5	3	0	6	2	1	
914	Etu914	0	1	8	4	6	5	3	7	2	
915	Etu915	0	6	7	2	8	5	3	4	1	
916	Etu916	6	5	3	4	1	2	0	7	8	
917	Etu917	8	0	4	3	1	7	2	5	6	
918	Etu918	3	4	8	7	2	1	5	0	6	
919	Etu919	1	8	4	0	3	5	2	6	7	
920	Etu920	6	5	0	3	1	4	8	7	2	
921	Etu921	8	6	1	7	3	5	0	4	2	
922	Etu922	1	3	5	0	2	8	4	7	6	
923	Etu923	6	3	1	2	4	7	0	8	5	
924	Etu924	5	0	7	3	8	4	1	6	2	
925	Etu925	4	2	7	0	1	8	5	3	6	
926	Etu926	2	3	6	8	0	4	1	7	5	
927	Etu927	2	8	0	3	5	4	7	6	1	
928	Etu928	1	5	8	2	6	0	3	7	4	
929	Etu929	2	1	6	8	5	7	3	4	0	
930	Etu930	8	5	7	4	6	1	2	0	3	
931	Etu931	6	3	7	4	0	5	1	2	8	
932	Etu932	1	5	4	7	6	3	0	2	8	
933	Etu933	7	8	6	1	0	3	2	5	4	
934	Etu934	3	6	0	2	5	1	7	8	4	
935	Etu935	1	3	0	7	8	4	2	5	6	
936	Etu936	3	0	4	8	2	6	7	1	5	
937	Etu937	5	7	3	6	4	8	1	0	2	
938	Etu938	3	0	1	6	2	4	5	8	7	
939	Etu939	2	7	5	1	6	0	4	3	8	
940	Etu940	0	6	8	2	1	3	7	5	4	
941	Etu941	8	4	7	1	5	3	0	6	2	
942	Etu942	0	7	5	1	2	8	3	6	4	
943	Etu943	2	3	1	6	8	5	0	7	4	
944	Etu944	1	0	8	4	7	2	3	6	5	
945	Etu945	0	8	7	1	4	3	2	5	6	
946	Etu946	6	1	7	8	5	2	4	0	3	
947	Etu947	3	0	1	6	8	5	4	2	7	
948	Etu948	4	7	8	1	6	0	2	5	3	
949	Etu949	6	1	3	4	0	7	8	5	2	
950	Etu950	2	1	3	8	0	7	4	6	5	
951	Etu951	6	5	3	8	2	4	0	1	7	
952	Etu952	8	7	2	5	1	6	3	0	4	
953	Etu953	2	0	8	1	7	4	3	5	6	
954	Etu954	8	6	4	2	5	0	3	1	7	
955	Etu955	4	0	3	1	5	6	2	8	7	
956	Etu956	2	8	1	7	5	3	0	4	6	
957	Etu957	6	4	1	8	7	5	3	0	2	
958	Etu958	2	7	6	3	5	1	8	4	0	
959	Etu959	1	6	3	8	7	5	2	4	0	
960	Etu960	8	4	7	6	2	5	0	3	1	
961	Etu961	7	4	3	0	8	5	2	6	1	
962	Etu962	7	8	4	6	0	1	2	3	5	
963	Etu963	7	0	2	4	5	6	1	3	8	
964	Etu964	3	7	0	6	1	4	8	2	5	
965	Etu965	1	5	2	3	0	4	8	6	7	
966	Etu966	0	8	4	7	1	2	3	5	6	
967	Etu967	6	0	5	3	7	4	2	1	8	
968	Etu968	4	0	5	8	3	6	2	1	7	
969	Etu969	0	6	7	1	4	3	5	2	8	
970	Etu970	6	1	5	3	2	4	8	0	7	
971	Etu971	6	5	2	1	8	4	0	3	7	
972	Etu972	0	1	5	6	8	2	4	3	7	
973	Etu973	1	5	2	6	3	4	8	7	0	
974	Etu974	6	4	1	0	5	7	3	8	2	
975	Etu975	8	4	6	0	7	1	3	5	2	
976	Etu976	7	5	3	1	8	4	6	2	0	
977	Etu977	0	7	6	2	4	8	3	5	1	
978	Etu978	0	8	5	3	4	1	2	6	7	
979	Etu979	0	5	6	7	8	4	2	1	3	
980	Etu980	6	3	2	1	7	8	0	5	4	
981	Etu981	4	5	8	3	1	2	6	7	0	
982	Etu982	2	7	0	3	5	6	8	1	4	
983	Etu983	6	7	4	1	5	0	3	2	8	
984	Etu984	8	4	7	3	6	2	5	0	1	
985	Etu985	0	2	8	1	4	7	6	5	3	
986	Etu986	2	4	3	0	8	1	5	7	6	
987	Etu987	1	3	2	5	7	0	4	6	8	
988	Etu988	4	0	8	5	1	7	6	3	2	
989	Etu989	4	1	2	7	3	6	5	0	8	
990	Etu990	1	7	6	8	3	0	4	2	5	
991	Etu991	0	3	7	8	1	5	6	4	2	
992	Etu992	8	1	0	4	5	3	7	6	2	
993	Etu993	0	4	2	5	6	7	1	8	3	
994	Etu994	4	7	1	0	3	6	2	8	5	
995	Etu995	3	8	1	5	6	4	2	7	0	
996	Etu996	3	0	2	7	6	8	1	4	5	
997	Etu997	1	7	8	6	3	2	5	4	0	
998	Etu998	2	7	1	0	5	6	4	3	8	
999	Etu999	6	4	5	8	0	3	7	1	2	
1000	Etu1000	5	8	6	3	1	0	4	7	2	
1001	Etu1001	6	4	0	8	5	1	3	2	7	
1002	Etu1002	4	1	7	3	2	8	5	6	0	
1003	Etu1003	0	7	2	4	8	6	3	5	1	
1004	Etu1004	8	4	1	5	3	0	2	6	7	
1005	Etu1005	6	3	0	1	2	7	4	8	5	
1006	Etu1006	4	1	6	2	0	7	8	3	5	
1007	Etu1007	1	7	5	3	6	8	0	2	4	
1008	Etu1008	6	2	8	1	4	3	5	0	7	
1009	Etu1009	1	0	2	3	5	4	6	8	7	
1010	Etu1010	6	7	4	5	8	1	2	3	0	
1011	Etu1011	1	4	0	8	7	3	2	5	6	
1012	Etu1012	6	5	0	8	7	4	3	1	2	
1013	Etu1013	1	3	6	0	2	4	8	5	7	
1014	Etu1014	0	8	7	3	4	5	2	1	6	
1015	Etu1015	7	8	3	6	2	0	4	5	1	
1016	Etu1016	5	7	6	0	3	8	1	4	2	
1017	Etu1017	4	0	3	6	7	8	5	1	2	
1018	Etu1018	0	4	7	5	1	2	6	3	8	
1019	Etu1019	0	7	3	1	5	2	6	4	8	
1020	Etu1020	7	3	5	8	0	1	4	2	6	
1021	Etu1021	4	7	0	8	2	3	1	5	6	
1022	Etu1022	6	5	1	2	8	4	7	0	3	
1023	Etu1023	1	8	4	7	0	3	2	5	6	
1024	Etu1024	1	8	4	2	5	0	6	3	7	
1025	Etu1025	5	3	7	2	1	4	0	6	8	
1026	Etu1026	2	7	0	6	8	3	4	5	1	
1027	Etu1027	0	1	5	6	8	4	3	7	2	
1028	Etu1028	8	2	4	1	5	6	0	7	3	
1029	Etu1029	1	6	4	7	8	3	2	0	5	
1030	Etu1030	5	3	0	2	8	4	6	1	7	
1031	Etu1031	3	6	1	0	4	7	2	8	5	
1032	Etu1032	5	4	6	8	3	0	2	7	1	
1033	Etu1033	6	2	1	7	5	0	4	3	8	
1034	Etu1034	1	8	6	0	7	4	3	5	2	
1035	Etu1035	8	1	4	2	0	5	6	7	3	
1036	Etu1036	0	6	5	1	2	4	8	3	7	
1037	Etu1037	8	4	0	5	6	2	3	1	7	
1038	Etu1038	0	4	3	8	7	2	6	5	1	
1039	Etu1039	5	3	0	8	7	2	4	6	1	
1040	Etu1040	6	2	1	8	5	0	3	4	7	
1041	Etu1041	7	8	3	5	1	4	0	6	2	
1042	Etu1042	2	5	0	1	7	8	3	6	4	
1043	Etu1043	6	0	3	8	7	5	2	1	4	
1044	Etu1044	6	7	8	1	0	5	4	2	3	
1045	Etu1045	7	1	4	6	5	3	8	0	2	
1046	Etu1046	7	8	2	0	6	1	4	5	3	
1047	Etu1047	3	7	8	0	6	1	2	5	4	
1048	Etu1048	0	1	3	5	6	7	8	4	2	
1049	Etu1049	0	6	5	2	7	8	4	1	3	
1050	Etu1050	2	0	8	6	5	4	1	3	7	
1051	Etu1051	3	0	1	7	4	6	8	5	2	
1052	Etu1052	5	7	2	1	4	3	8	0	6	
1053	Etu1053	2	8	7	4	6	0	1	5	3	
1054	Etu1054	3	4	8	5	2	1	7	0	6	
1055	Etu1055	1	8	2	0	4	6	3	5	7	
1056	Etu1056	6	3	8	2	1	5	4	7	0	
1057	Etu1057	6	2	8	5	4	0	7	3	1	
1058	Etu1058	2	5	4	6	3	7	1	0	8	
1059	Etu1059	2	5	0	3	1	6	4	7	8	
1060	Etu1060	5	6	1	4	0	8	3	2	7	
1061	Etu1061	4	5	0	3	8	6	2	7	1	
1062	Etu1062	8	1	7	5	2	3	0	6	4	
1063	Etu1063	1	7	4	8	5	6	2	3	0	
1064	Etu1064	5	3	0	4	8	2	1	7	6	
1065	Etu1065	8	6	5	0	2	7	1	4	3	
1066	Etu1066	5	1	0	6	8	7	2	3	4	
1067	Etu1067	0	5	6	3	7	8	2	1	4	
1068	Etu1068	1	6	5	8	0	7	3	2	4	
1069	Etu1069	0	5	6	3	2	1	7	8	4	
1070	Etu1070	5	0	8	2	4	3	1	7	6	
1071	Etu1071	0	7	2	5	8	1	6	4	3	
1072	Etu1072	5	2	3	0	6	4	1	7	8	
1073	Etu1073	1	0	8	3	4	7	5	2	6	
1074	Etu1074	7	8	6	3	2	0	1	5	4	
1075	Etu1075	5	6	0	1	4	3	8	7	2	
1076	Etu1076	3	6	5	0	1	7	2	8	4	
1077	Etu1077	0	5	4	1	8	6	7	3	2	
1078	Etu1078	2	5	0	3	4	1	8	6	7	
1079	Etu1079	8	3	0	5	7	4	1	6	2	
1080	Etu1080	0	1	4	3	7	8	6	5	2	
1081	Etu1081	8	7	0	3	6	4	5	2	1	
1082	Etu1082	7	2	8	3	0	1	6	4	5	
1083	Etu1083	0	3	4	6	2	5	7	1	8	
1084	Etu1084	6	7	8	5	1	2	3	4	0	
1085	Etu1085	7	6	5	2	0	4	8	1	3	
1086	Etu1086	8	0	2	1	3	4	5	6	7	
1087	Etu1087	3	7	1	5	6	4	2	0	8	
1088	Etu1088	4	3	5	6	2	0	8	1	7	
1089	Etu1089	7	6	3	4	2	1	8	0	5	
1090	Etu1090	4	6	3	5	8	1	7	0	2	
1091	Etu1091	6	8	3	1	4	7	5	2	0	
1092	Etu1092	8	7	4	6	1	0	2	3	5	
1093	Etu1093	7	1	6	4	5	3	8	2	0	
1094	Etu1094	2	6	5	4	3	7	1	8	0	
1095	Etu1095	8	4	6	5	0	7	1	3	2	
1096	Etu1096	8	3	1	6	0	5	7	4	2	
1097	Etu1097	3	2	0	1	6	8	4	5	7	
1098	Etu1098	8	5	6	0	2	1	4	3	7	
1099	Etu1099	5	6	1	8	0	2	4	3	7	
1100	Etu1100	6	0	1	2	3	4	7	8	5	
1101	Etu1101	0	6	4	1	3	8	7	2	5	
1102	Etu1102	4	5	7	0	3	1	2	6	8	
1103	Etu1103	8	2	6	0	7	1	5	4	3	
1104	Etu1104	4	2	6	8	7	3	0	1	5	
1105	Etu1105	0	7	6	2	4	1	3	5	8	
1106	Etu1106	8	2	1	7	6	0	5	4	3	
1107	Etu1107	7	5	0	1	3	4	2	6	8	
1108	Etu1108	0	6	8	5	2	3	4	1	7	
1109	Etu1109	1	3	0	7	8	5	6	4	2	
1110	Etu1110	2	4	8	3	6	0	7	5	1	
1111	Etu1111	1	4	8	7	0	3	2	5	6	
1112	Etu1112	3	7	5	6	4	2	0	1	8	
1113	Etu1113	2	3	6	7	0	8	5	1	4	
1114	Etu1114	5	3	6	0	4	7	2	8	1	
1115	Etu1115	1	6	3	5	4	7	8	0	2	
1116	Etu1116	0	2	1	8	7	3	6	4	5	
1117	Etu1117	8	1	0	7	4	5	6	3	2	
1118	Etu1118	0	7	1	4	3	2	8	6	5	
1119	Etu1119	4	6	1	2	7	8	5	0	3	
1120	Etu1120	5	8	6	1	2	0	4	7	3	
1121	Etu1121	5	2	7	6	3	4	0	8	1	
1122	Etu1122	0	2	3	4	7	8	6	1	5	
1123	Etu1123	4	7	2	1	8	6	5	3	0	
1124	Etu1124	2	0	7	4	3	5	1	8	6	
1125	Etu1125	6	4	1	0	3	7	2	8	5	
1126	Etu1126	7	3	6	1	4	5	8	0	2	
1127	Etu1127	0	8	1	7	4	5	3	2	6	
1128	Etu1128	2	1	4	8	7	5	0	6	3	
1129	Etu1129	4	3	1	2	8	0	7	5	6	
1130	Etu1130	4	0	7	5	8	3	1	6	2	
1131	Etu1131	8	4	2	1	7	5	6	3	0	
1132	Etu1132	6	3	5	1	8	0	7	2	4	
1133	Etu1133	4	5	7	0	8	2	1	6	3	
1134	Etu1134	7	1	3	5	6	8	4	2	0	
1135	Etu1135	4	7	2	5	8	0	3	6	1	
1136	Etu1136	4	2	5	6	0	1	7	8	3	
1137	Etu1137	5	2	6	4	1	0	7	3	8	
1138	Etu1138	1	3	5	7	4	6	2	8	0	
1139	Etu1139	0	6	5	2	3	7	1	4	8	
1140	Etu1140	8	5	1	2	7	0	3	4	6	
1141	Etu1141	6	4	0	2	5	3	7	1	8	
1142	Etu1142	6	5	3	0	7	8	2	1	4	
1143	Etu1143	5	4	8	3	6	1	0	2	7	
1144	Etu1144	0	7	1	6	4	3	2	5	8	
1145	Etu1145	0	1	3	7	5	6	4	8	2	
1146	Etu1146	3	7	0	2	4	1	5	6	8	
1147	Etu1147	6	8	2	7	0	5	4	1	3	
1148	Etu1148	6	0	7	8	3	1	4	5	2	
1149	Etu1149	6	4	3	2	5	1	8	7	0	
1150	Etu1150	2	3	8	5	0	6	1	7	4	
1151	Etu1151	0	4	8	5	1	2	6	7	3	
1152	Etu1152	5	8	1	6	3	2	4	7	0	
1153	Etu1153	6	0	4	1	7	2	5	3	8	
1154	Etu1154	6	1	2	5	7	4	8	0	3	
1155	Etu1155	0	7	1	2	6	5	8	3	4	
1156	Etu1156	2	6	4	5	3	1	7	0	8	
1157	Etu1157	5	7	8	0	4	3	1	2	6	
1158	Etu1158	2	5	6	4	7	0	1	8	3	
1159	Etu1159	5	6	7	0	1	4	8	2	3	
1160	Etu1160	0	5	7	6	1	4	3	2	8	
1161	Etu1161	6	2	1	7	0	8	5	4	3	
1162	Etu1162	3	5	6	4	1	7	8	0	2	
1163	Etu1163	8	1	4	0	2	6	3	5	7	
1164	Etu1164	6	3	5	7	1	0	2	4	8	
1165	Etu1165	8	1	5	4	7	6	2	0	3	
1166	Etu1166	5	2	8	4	3	1	6	0	7	
1167	Etu1167	1	0	4	5	6	7	2	8	3	
1168	Etu1168	3	8	1	7	0	6	5	4	2	
1169	Etu1169	7	5	8	4	0	2	1	3	6	
1170	Etu1170	4	3	5	8	6	2	0	7	1	
1171	Etu1171	7	2	3	4	0	1	8	6	5	
1172	Etu1172	3	7	4	2	6	0	1	8	5	
1173	Etu1173	1	2	3	7	4	8	5	0	6	
1174	Etu1174	2	5	4	3	7	6	1	8	0	
1175	Etu1175	3	4	6	1	8	7	5	2	0	
1176	Etu1176	7	3	2	1	0	5	4	8	6	
1177	Etu1177	5	7	0	1	6	3	8	2	4	
1178	Etu1178	7	3	4	8	0	1	6	5	2	
1179	Etu1179	8	4	0	2	1	5	6	7	3	
1180	Etu1180	1	5	4	0	6	3	7	2	8	
1181	Etu1181	2	3	4	6	5	1	0	7	8	
1182	Etu1182	5	6	7	0	3	2	1	8	4	
1183	Etu1183	5	7	3	6	4	2	8	1	0	
1184	Etu1184	5	4	3	7	0	2	1	6	8	
1185	Etu1185	2	0	7	6	4	5	8	1	3	
1186	Etu1186	2	8	4	7	6	1	3	0	5	
1187	Etu1187	6	1	4	2	0	5	8	3	7	
1188	Etu1188	3	6	2	5	7	4	0	1	8	
1189	Etu1189	1	4	6	3	0	5	8	2	7	
1190	Etu1190	3	0	1	2	4	7	5	6	8	
1191	Etu1191	4	1	3	5	2	8	7	6	0	
1192	Etu1192	4	0	2	8	3	6	7	1	5	
1193	Etu1193	4	8	5	2	0	3	1	7	6	
1194	Etu1194	1	5	4	3	6	0	7	2	8	
1195	Etu1195	1	3	0	7	4	8	5	2	6	
1196	Etu1196	5	2	1	7	3	6	4	0	8	
1197	Etu1197	3	6	8	0	7	2	5	1	4	
1198	Etu1198	0	4	6	1	2	5	8	3	7	
1199	Etu1199	8	4	6	7	5	0	1	3	2	
1200	Etu1200	0	3	7	4	8	5	1	2	6	
1201	Etu1201	6	0	7	5	1	3	8	4	2	
1202	Etu1202	2	5	1	6	0	7	4	3	8	
1203	Etu1203	8	7	5	1	4	6	0	2	3	
1204	Etu1204	0	1	4	5	6	2	3	8	7	
1205	Etu1205	1	2	3	8	5	4	0	6	7	
1206	Etu1206	0	4	1	6	8	3	7	2	5	
1207	Etu1207	0	4	3	6	2	1	7	5	8	
1208	Etu1208	1	7	3	5	4	0	6	8	2	
1209	Etu1209	1	4	8	7	2	6	5	3	0	
1210	Etu1210	0	8	5	3	2	7	6	4	1	
1211	Etu1211	0	4	6	8	5	3	1	7	2	
1212	Etu1212	0	6	3	4	7	2	5	1	8	
1213	Etu1213	8	2	3	0	5	7	6	4	1	
1214	Etu1214	3	1	0	6	5	2	8	7	4	
1215	Etu1215	5	3	2	7	8	6	1	0	4	
1216	Etu1216	4	7	8	5	3	6	1	2	0	
1217	Etu1217	5	3	6	2	8	4	7	0	1	
1218	Etu1218	5	0	2	8	1	6	4	7	3	
1219	Etu1219	2	1	8	4	5	7	3	0	6	
1220	Etu1220	8	3	1	0	7	2	5	6	4	
1221	Etu1221	4	6	5	7	8	0	1	3	2	
1222	Etu1222	7	6	3	1	0	8	5	4	2	
1223	Etu1223	4	1	7	5	3	0	8	2	6	
1224	Etu1224	4	0	5	8	3	1	7	6	2	
1225	Etu1225	0	4	3	5	7	8	2	1	6	
1226	Etu1226	4	7	2	8	5	6	1	3	0	
1227	Etu1227	5	7	1	4	8	3	2	0	6	
1228	Etu1228	8	0	6	4	1	7	3	5	2	
1229	Etu1229	2	4	8	1	6	5	3	0	7	
1230	Etu1230	1	3	2	4	7	0	5	8	6	
1231	Etu1231	3	6	2	4	5	8	7	1	0	
1232	Etu1232	3	5	7	4	1	6	8	2	0	
1233	Etu1233	0	8	1	3	6	2	5	7	4	
1234	Etu1234	6	8	2	1	7	5	0	3	4	
1235	Etu1235	3	1	6	4	8	2	0	5	7	
1236	Etu1236	8	1	2	7	6	3	4	5	0	
1237	Etu1237	3	0	7	8	6	1	2	5	4	
1238	Etu1238	4	2	8	5	0	7	1	3	6	
1239	Etu1239	7	6	2	5	3	0	1	4	8	
1240	Etu1240	8	1	3	4	6	0	2	5	7	
1241	Etu1241	8	6	3	7	0	5	2	1	4	
1242	Etu1242	3	4	5	6	2	7	8	0	1	
1243	Etu1243	5	8	2	6	7	4	3	1	0	
1244	Etu1244	0	2	5	7	4	1	3	6	8	
1245	Etu1245	2	1	0	7	5	6	3	4	8	
1246	Etu1246	0	3	2	1	5	6	4	8	7	
1247	Etu1247	8	5	4	3	1	0	6	7	2	
1248	Etu1248	4	2	6	7	3	8	5	1	0	
1249	Etu1249	1	7	3	0	2	6	8	5	4	
1250	Etu1250	5	2	6	7	8	3	1	0	4	
1251	Etu1251	8	3	6	4	5	1	0	7	2	
1252	Etu1252	0	4	5	2	1	3	6	8	7	
1253	Etu1253	4	6	3	1	7	2	8	0	5	
1254	Etu1254	1	0	3	8	4	2	7	6	5	
1255	Etu1255	4	3	5	0	2	8	7	1	6	
1256	Etu1256	5	3	8	7	4	6	2	0	1	
1257	Etu1257	6	5	4	0	1	2	3	8	7	
1258	Etu1258	1	0	2	5	4	8	6	7	3	
1259	Etu1259	4	1	3	0	7	8	5	2	6	
1260	Etu1260	0	1	5	2	7	4	8	3	6	
1261	Etu1261	0	1	3	8	6	4	2	5	7	
1262	Etu1262	7	0	5	6	3	2	4	1	8	
1263	Etu1263	3	4	5	1	8	7	2	6	0	
1264	Etu1264	3	0	6	8	5	4	7	1	2	
1265	Etu1265	5	4	1	8	6	0	7	3	2	
1266	Etu1266	7	3	6	0	2	1	5	4	8	
1267	Etu1267	7	8	1	4	5	3	6	2	0	
1268	Etu1268	1	3	7	2	5	4	6	8	0	
1269	Etu1269	0	4	7	1	3	5	2	6	8	
1270	Etu1270	7	0	1	5	6	8	4	2	3	
1271	Etu1271	0	6	1	2	5	8	4	3	7	
1272	Etu1272	5	0	4	6	8	7	2	3	1	
1273	Etu1273	7	6	4	3	5	8	2	1	0	
1274	Etu1274	2	6	4	5	7	0	3	8	1	
1275	Etu1275	2	5	6	8	0	4	3	1	7	
1276	Etu1276	2	7	3	8	4	6	1	5	0	
1277	Etu1277	6	0	5	2	4	8	7	1	3	
1278	Etu1278	2	4	3	5	8	1	7	0	6	
1279	Etu1279	5	1	6	3	7	0	4	2	8	
1280	Etu1280	8	2	1	6	3	5	4	7	0	
1281	Etu1281	5	0	7	1	6	3	2	8	4	
1282	Etu1282	4	7	5	6	0	3	2	8	1	
1283	Etu1283	8	0	2	5	7	4	6	1	3	
1284	Etu1284	3	1	6	2	5	7	0	4	8	
1285	Etu1285	3	5	1	0	6	2	8	4	7	
1286	Etu1286	6	0	5	1	4	8	7	2	3	
1287	Etu1287	8	3	5	2	0	6	7	1	4	
1288	Etu1288	2	1	8	3	4	7	5	6	0	
1289	Etu1289	8	3	1	5	0	7	4	2	6	
1290	Etu1290	0	2	7	4	1	6	3	8	5	
1291	Etu1291	3	5	6	4	8	7	2	1	0	
1292	Etu1292	7	4	3	1	2	0	5	6	8	
1293	Etu1293	4	6	8	2	1	0	3	7	5	
1294	Etu1294	2	0	7	6	5	4	8	3	1	
1295	Etu1295	7	2	5	4	8	0	1	3	6	
1296	Etu1296	5	2	8	0	7	6	1	4	3	
1297	Etu1297	3	5	0	1	4	8	6	2	7	
1298	Etu1298	0	5	7	3	1	8	4	6	2	
1299	Etu1299	3	2	0	8	7	5	6	4	1	
1300	Etu1300	0	4	8	6	2	1	5	3	7	
1301	Etu1301	2	0	8	6	4	5	3	7	1	
1302	Etu1302	7	4	5	1	2	8	0	6	3	
1303	Etu1303	8	1	4	7	2	5	6	0	3	
1304	Etu1304	0	8	1	2	6	5	4	3	7	
1305	Etu1305	6	5	4	0	8	1	7	3	2	
1306	Etu1306	3	7	2	4	6	8	1	0	5	
1307	Etu1307	2	8	6	5	3	1	0	4	7	
1308	Etu1308	2	0	4	3	6	1	5	7	8	
1309	Etu1309	1	6	0	5	2	4	3	7	8	
1310	Etu1310	7	5	2	4	0	3	1	6	8	
1311	Etu1311	6	1	2	7	3	0	8	4	5	
1312	Etu1312	0	3	5	6	4	2	1	7	8	
1313	Etu1313	0	3	4	8	5	2	7	6	1	
1314	Etu1314	8	3	2	1	0	6	4	7	5	
1315	Etu1315	1	4	3	2	8	6	5	7	0	
1316	Etu1316	0	8	2	7	3	6	1	4	5	
1317	Etu1317	5	0	7	2	6	1	4	3	8	
1318	Etu1318	7	4	1	6	8	5	2	3	0	
1319	Etu1319	7	5	4	3	2	8	1	6	0	
1320	Etu1320	8	1	0	4	5	7	3	2	6	
1321	Etu1321	2	3	1	8	4	6	7	0	5	
1322	Etu1322	0	2	1	6	4	3	7	5	8	
1323	Etu1323	3	7	0	8	1	2	4	5	6	
1324	Etu1324	2	6	0	5	7	3	1	8	4	
1325	Etu1325	8	6	2	7	5	1	0	3	4	
1326	Etu1326	5	7	2	6	8	4	3	1	0	
1327	Etu1327	3	5	1	8	7	0	4	6	2	
1328	Etu1328	7	8	6	4	2	5	1	0	3	
1329	Etu1329	4	8	5	6	1	0	7	2	3	
1330	Etu1330	7	0	6	4	2	8	3	1	5	
1331	Etu1331	8	5	3	2	0	4	6	7	1	
1332	Etu1332	6	3	7	4	5	1	8	0	2	
1333	Etu1333	6	8	3	5	2	7	0	4	1	
1334	Etu1334	1	3	4	2	0	6	7	5	8	
1335	Etu1335	5	7	4	6	2	0	1	3	8	
1336	Etu1336	3	0	8	7	2	5	4	6	1	
1337	Etu1337	7	1	3	8	2	0	5	6	4	
1338	Etu1338	7	6	1	4	2	5	3	8	0	
1339	Etu1339	3	0	8	1	5	7	2	6	4	
1340	Etu1340	2	3	1	8	0	7	4	6	5	
1341	Etu1341	4	5	6	1	2	3	7	8	0	
1342	Etu1342	6	2	0	5	3	8	4	7	1	
1343	Etu1343	8	1	4	3	7	2	6	5	0	
1344	Etu1344	4	2	0	8	1	5	6	7	3	
1345	Etu1345	5	6	3	7	4	0	8	2	1	
1346	Etu1346	6	0	1	8	7	4	3	2	5	
1347	Etu1347	5	4	8	3	0	2	1	7	6	
1348	Etu1348	5	3	2	1	6	7	0	8	4	
1349	Etu1349	7	2	3	0	8	4	1	5	6	
1350	Etu1350	0	6	5	8	4	1	3	7	2	
1351	Etu1351	1	5	7	2	8	4	6	3	0	
1352	Etu1352	1	2	8	0	5	3	7	6	4	
1353	Etu1353	0	2	8	7	3	1	5	6	4	
1354	Etu1354	6	8	3	7	4	0	2	5	1	
1355	Etu1355	3	4	0	6	1	5	7	2	8	
1356	Etu1356	1	3	6	4	5	7	0	8	2	
1357	Etu1357	5	7	8	1	4	3	2	0	6	
1358	Etu1358	8	0	4	1	5	2	3	7	6	
1359	Etu1359	8	2	7	5	1	0	3	6	4	
1360	Etu1360	5	7	1	2	0	6	3	4	8	
1361	Etu1361	4	1	2	8	7	3	5	0	6	
1362	Etu1362	6	7	0	4	2	8	1	5	3	
1363	Etu1363	3	2	6	4	8	0	5	7	1	
1364	Etu1364	2	7	5	0	1	4	6	8	3	
1365	Etu1365	0	1	4	2	3	6	8	7	5	
1366	Etu1366	2	4	8	6	3	7	5	0	1	
1367	Etu1367	3	6	1	5	8	7	2	0	4	
1368	Etu1368	8	0	4	3	7	2	1	5	6	
1369	Etu1369	0	6	5	8	3	7	2	1	4	
1370	Etu1370	6	4	2	5	7	1	8	3	0	
1371	Etu1371	8	3	5	4	2	0	7	1	6	
1372	Etu1372	0	2	5	7	6	8	1	4	3	
1373	Etu1373	0	5	8	6	2	7	4	1	3	
1374	Etu1374	5	8	6	7	3	2	4	0	1	
1375	Etu1375	2	6	7	1	8	5	3	4	0	
1376	Etu1376	7	8	3	6	1	0	4	2	5	
1377	Etu1377	3	2	7	0	1	4	6	5	8	
1378	Etu1378	4	8	6	5	3	2	0	7	1	
1379	Etu1379	3	2	4	0	8	1	7	5	6	
1380	Etu1380	5	4	3	6	2	8	0	1	7	
1381	Etu1381	4	0	7	2	5	8	6	1	3	
1382	Etu1382	1	0	7	4	2	6	5	8	3	
1383	Etu1383	3	4	7	2	5	1	8	0	6	
1384	Etu1384	5	1	7	2	3	0	4	8	6	
1385	Etu1385	3	6	0	5	2	7	8	1	4	
1386	Etu1386	2	0	8	3	7	5	4	1	6	
1387	Etu1387	5	4	7	8	2	1	0	3	6	
1388	Etu1388	6	8	5	1	4	2	0	3	7	
1389	Etu1389	6	3	7	8	2	1	4	0	5	
1390	Etu1390	0	5	4	2	8	7	6	3	1	
1391	Etu1391	4	0	8	6	5	2	7	1	3	
1392	Etu1392	7	4	6	5	3	8	1	2	0	
1393	Etu1393	4	2	5	3	7	1	0	8	6	
1394	Etu1394	6	4	0	7	2	5	3	1	8	
1395	Etu1395	8	4	0	3	7	6	2	5	1	
1396	Etu1396	2	3	6	7	0	8	4	1	5	
1397	Etu1397	5	3	4	0	8	2	1	6	7	
1398	Etu1398	7	3	0	4	6	2	5	1	8	
1399	Etu1399	7	3	6	4	5	2	0	8	1	
1400	Etu1400	3	0	4	8	1	2	7	5	6	
1401	Etu1401	5	3	2	8	6	4	0	7	1	
1402	Etu1402	8	0	4	7	6	3	2	1	5	
1403	Etu1403	6	5	8	4	1	0	7	3	2	
1404	Etu1404	2	6	3	4	8	5	1	0	7	
1405	Etu1405	0	4	2	3	1	8	6	5	7	
1406	Etu1406	3	0	8	5	1	4	2	6	7	
1407	Etu1407	8	3	1	5	6	2	0	7	4	
1408	Etu1408	3	4	2	0	6	5	8	1	7	
1409	Etu1409	5	2	4	6	8	7	1	3	0	
1410	Etu1410	5	0	1	6	8	3	2	4	7	
1411	Etu1411	2	4	7	8	3	5	1	6	0	
1412	Etu1412	4	0	6	5	1	3	8	2	7	
1413	Etu1413	4	7	2	6	0	5	8	3	1	
1414	Etu1414	6	8	5	2	7	0	4	3	1	
1415	Etu1415	4	7	0	6	3	2	5	8	1	
1416	Etu1416	5	6	7	0	2	1	3	8	4	
1417	Etu1417	8	2	5	6	0	7	1	4	3	
1418	Etu1418	5	8	1	0	7	3	4	2	6	
1419	Etu1419	7	3	8	1	6	4	0	5	2	
1420	Etu1420	1	8	4	6	7	3	2	5	0	
1421	Etu1421	5	0	8	6	3	7	4	2	1	
1422	Etu1422	6	5	7	0	8	2	1	3	4	
1423	Etu1423	0	7	8	6	1	3	2	5	4	
1424	Etu1424	5	3	0	7	2	1	6	8	4	
1425	Etu1425	3	0	8	7	1	4	2	6	5	
1426	Etu1426	2	1	8	4	3	7	0	5	6	
1427	Etu1427	6	0	1	3	5	2	8	4	7	
1428	Etu1428	0	8	3	4	5	2	1	7	6	
1429	Etu1429	1	4	6	7	3	5	2	8	0	
1430	Etu1430	4	7	2	1	3	6	8	0	5	
1431	Etu1431	0	2	6	1	5	8	7	3	4	
1432	Etu1432	4	8	7	2	6	5	0	1	3	
1433	Etu1433	3	8	1	4	7	6	2	0	5	
1434	Etu1434	0	1	8	4	2	7	6	3	5	
1435	Etu1435	5	7	6	2	0	8	1	4	3	
1436	Etu1436	6	7	8	5	2	3	1	0	4	
1437	Etu1437	5	7	6	8	4	3	0	2	1	
1438	Etu1438	5	4	7	1	6	8	2	3	0	
1439	Etu1439	4	5	3	2	0	7	8	6	1	
1440	Etu1440	6	3	8	2	7	5	1	0	4	
1441	Etu1441	4	6	5	2	3	0	1	8	7	
1442	Etu1442	6	8	5	3	1	2	7	4	0	
1443	Etu1443	2	8	1	3	7	4	6	5	0	
1444	Etu1444	8	7	6	1	0	4	5	3	2	
1445	Etu1445	3	0	2	4	6	5	7	1	8	
1446	Etu1446	6	8	7	5	4	1	2	3	0	
1447	Etu1447	8	2	4	1	5	0	3	6	7	
1448	Etu1448	0	2	6	8	3	7	4	1	5	
1449	Etu1449	3	1	4	2	8	7	5	0	6	
1450	Etu1450	6	5	0	3	1	4	8	2	7	
1451	Etu1451	5	0	7	4	6	1	3	8	2	
1452	Etu1452	7	2	0	6	5	4	1	8	3	
1453	Etu1453	2	1	5	0	8	6	3	4	7	
1454	Etu1454	0	4	3	2	6	1	8	7	5	
1455	Etu1455	0	5	1	3	6	8	4	7	2	
1456	Etu1456	2	3	8	7	4	6	5	1	0	
1457	Etu1457	6	7	2	1	4	3	5	8	0	
1458	Etu1458	6	3	0	4	8	7	1	5	2	
1459	Etu1459	3	1	2	5	4	6	8	0	7	
1460	Etu1460	3	1	2	7	5	0	6	4	8	
1461	Etu1461	6	7	8	5	4	3	0	2	1	
1462	Etu1462	5	6	2	3	1	8	0	7	4	
1463	Etu1463	7	8	6	3	4	0	2	5	1	
1464	Etu1464	1	5	4	8	6	3	2	0	7	
1465	Etu1465	1	7	6	2	4	0	3	8	5	
1466	Etu1466	3	7	5	4	1	2	8	6	0	
1467	Etu1467	2	7	3	4	5	6	8	1	0	
1468	Etu1468	0	7	4	5	3	1	6	8	2	
1469	Etu1469	4	1	2	6	0	7	8	5	3	
1470	Etu1470	0	3	4	7	8	5	2	1	6	
1471	Etu1471	8	6	3	7	4	1	2	5	0	
1472	Etu1472	6	3	8	4	1	5	2	7	0	
1473	Etu1473	2	5	3	4	6	8	1	7	0	
1474	Etu1474	3	6	8	1	7	4	2	5	0	
1475	Etu1475	1	2	0	3	4	5	6	7	8	
1476	Etu1476	5	7	2	3	1	6	0	8	4	
1477	Etu1477	0	5	8	2	7	3	1	4	6	
1478	Etu1478	1	0	6	2	5	7	3	4	8	
1479	Etu1479	4	1	5	2	6	8	3	7	0	
1480	Etu1480	7	1	4	3	8	5	6	0	2	
1481	Etu1481	4	2	7	1	5	3	0	8	6	
1482	Etu1482	3	6	8	7	2	5	1	4	0	
1483	Etu1483	2	4	8	5	3	1	0	6	7	
1484	Etu1484	6	2	8	0	5	3	7	1	4	
1485	Etu1485	2	0	1	6	7	8	5	3	4	
1486	Etu1486	4	8	5	3	6	1	7	2	0	
1487	Etu1487	7	4	5	0	1	6	2	3	8	
1488	Etu1488	3	4	2	6	1	7	5	8	0	
1489	Etu1489	0	3	4	7	5	1	2	6	8	
1490	Etu1490	2	5	4	6	8	3	1	0	7	
1491	Etu1491	5	3	8	2	7	6	4	1	0	
1492	Etu1492	6	8	5	0	1	7	3	4	2	
1493	Etu1493	5	6	0	8	3	7	2	1	4	
1494	Etu1494	2	7	1	8	0	6	4	5	3	
1495	Etu1495	8	5	1	2	7	4	0	3	6	
1496	Etu1496	3	2	4	6	7	5	1	0	8	
1497	Etu1497	1	6	5	0	8	7	4	2	3	
1498	Etu1498	4	7	0	3	8	2	1	6	5	
1499	Etu1499	7	4	2	0	3	6	1	5	8	
1500	Etu1500	7	0	4	1	5	3	8	2	6	
1501	Etu1501	8	3	5	4	2	6	0	7	1	
1502	Etu1502	4	0	3	2	6	7	8	1	5	
1503	Etu1503	7	4	8	0	2	6	3	1	5	
1504	Etu1504	3	0	5	8	1	2	7	4	6	
1505	Etu1505	5	3	6	8	1	0	2	7	4	
1506	Etu1506	3	5	2	4	7	1	0	6	8	
1507	Etu1507	3	4	5	1	0	6	2	7	8	
1508	Etu1508	3	4	0	1	2	5	8	6	7	
1509	Etu1509	0	3	6	8	7	1	2	5	4	
1510	Etu1510	8	5	1	2	6	4	3	0	7	
1511	Etu1511	8	5	2	1	6	7	3	4	0	
1512	Etu1512	1	0	5	2	4	8	7	6	3	
1513	Etu1513	6	3	8	0	5	2	4	1	7	
1514	Etu1514	2	1	3	5	7	6	0	8	4	
1515	Etu1515	3	0	6	2	4	5	1	7	8	
1516	Etu1516	7	4	1	6	8	5	2	3	0	
1517	Etu1517	2	5	6	4	3	7	1	0	8	
1518	Etu1518	8	0	5	3	6	7	4	1	2	
1519	Etu1519	6	0	1	4	2	3	8	7	5	
1520	Etu1520	4	0	3	8	6	1	2	5	7	
1521	Etu1521	8	1	7	6	4	3	2	0	5	
1522	Etu1522	4	5	7	0	8	2	6	3	1	
1523	Etu1523	4	6	8	3	7	2	1	0	5	
1524	Etu1524	2	5	3	6	4	7	1	0	8	
1525	Etu1525	2	1	3	6	7	5	4	8	0	
1526	Etu1526	6	0	7	4	3	2	5	8	1	
1527	Etu1527	7	2	5	8	0	6	4	3	1	
1528	Etu1528	0	6	2	3	5	7	8	1	4	
1529	Etu1529	5	3	1	6	4	7	0	2	8	
1530	Etu1530	3	6	0	4	7	8	1	2	5	
1531	Etu1531	2	4	1	3	8	0	6	7	5	
1532	Etu1532	1	7	4	2	6	0	8	5	3	
1533	Etu1533	4	5	7	0	2	6	1	3	8	
1534	Etu1534	2	1	7	8	5	3	4	6	0	
1535	Etu1535	5	0	7	8	1	6	2	3	4	
1536	Etu1536	3	8	0	6	7	4	1	2	5	
1537	Etu1537	6	1	8	7	4	3	2	0	5	
1538	Etu1538	0	8	3	1	6	5	7	2	4	
1539	Etu1539	0	7	2	5	1	8	4	6	3	
1540	Etu1540	8	3	0	2	7	5	4	6	1	
1541	Etu1541	1	3	4	5	8	6	0	7	2	
1542	Etu1542	6	7	1	4	8	2	3	0	5	
1543	Etu1543	0	3	2	6	4	5	1	7	8	
1544	Etu1544	3	8	0	1	2	4	7	5	6	
1545	Etu1545	8	6	3	2	1	7	0	5	4	
1546	Etu1546	7	1	3	6	5	4	8	0	2	
1547	Etu1547	3	5	7	8	1	6	2	0	4	
1548	Etu1548	7	0	2	8	4	6	1	3	5	
1549	Etu1549	2	0	6	5	3	4	1	7	8	
1550	Etu1550	6	7	3	4	2	8	0	5	1	
1551	Etu1551	0	5	6	1	4	2	7	3	8	
1552	Etu1552	7	4	1	6	2	3	8	5	0	
1553	Etu1553	4	5	0	7	3	8	1	2	6	
1554	Etu1554	6	3	2	1	0	7	5	4	8	
1555	Etu1555	7	5	2	1	3	8	4	6	0	
1556	Etu1556	2	3	0	1	7	5	6	4	8	
1557	Etu1557	0	7	3	8	1	2	5	6	4	
1558	Etu1558	1	6	5	0	4	8	7	2	3	
1559	Etu1559	5	2	6	7	3	4	0	8	1	
1560	Etu1560	1	5	2	0	7	8	3	4	6	
1561	Etu1561	4	5	2	3	8	0	7	6	1	
1562	Etu1562	6	2	7	0	4	3	8	5	1	
1563	Etu1563	0	5	8	1	7	4	2	6	3	
1564	Etu1564	3	7	5	1	8	0	6	4	2	
1565	Etu1565	8	1	2	7	3	0	4	6	5	
1566	Etu1566	4	0	6	8	5	2	1	7	3	
1567	Etu1567	5	8	4	7	0	6	1	3	2	
1568	Etu1568	7	0	1	3	5	6	4	8	2	
1569	Etu1569	0	5	1	3	2	7	4	8	6	
1570	Etu1570	0	4	6	5	1	7	2	3	8	
1571	Etu1571	0	8	4	5	1	2	6	7	3	
1572	Etu1572	6	3	4	7	0	2	1	8	5	
1573	Etu1573	6	8	2	0	3	7	5	4	1	
1574	Etu1574	4	2	5	3	7	0	6	8	1	
1575	Etu1575	4	6	3	2	1	0	8	5	7	
1576	Etu1576	2	1	5	0	7	3	8	4	6	
1577	Etu1577	6	0	1	8	7	2	4	5	3	
1578	Etu1578	8	5	4	6	0	7	1	3	2	
1579	Etu1579	8	4	5	1	7	2	6	0	3	
1580	Etu1580	8	3	4	5	7	0	2	6	1	
1581	Etu1581	1	6	5	8	0	7	3	2	4	
1582	Etu1582	4	8	0	3	2	7	6	1	5	
1583	Etu1583	6	7	3	4	1	8	0	2	5	
1584	Etu1584	1	3	8	7	0	2	6	5	4	
1585	Etu1585	8	6	2	3	1	7	5	4	0	
1586	Etu1586	3	8	7	0	5	4	6	2	1	
1587	Etu1587	8	3	1	0	7	4	6	2	5	
1588	Etu1588	2	6	7	1	3	4	8	5	0	
1589	Etu1589	7	0	1	2	6	8	4	5	3	
1590	Etu1590	3	1	7	6	4	8	5	2	0	
1591	Etu1591	4	6	1	7	8	0	3	2	5	
1592	Etu1592	5	4	0	7	1	2	8	6	3	
1593	Etu1593	1	7	8	5	0	6	2	4	3	
1594	Etu1594	4	0	8	6	2	7	1	3	5	
1595	Etu1595	6	1	2	8	3	7	5	4	0	
1596	Etu1596	0	4	1	3	8	7	6	2	5	
1597	Etu1597	5	7	3	6	0	8	2	4	1	
1598	Etu1598	1	6	4	7	8	2	3	5	0	
1599	Etu1599	5	3	0	7	6	2	4	1	8	
1600	Etu1600	8	3	5	4	0	1	7	2	6	
1601	Etu1601	5	2	0	7	4	1	6	3	8	
1602	Etu1602	1	5	2	8	0	7	4	6	3	
1603	Etu1603	3	0	8	6	1	5	2	7	4	
1604	Etu1604	7	2	5	0	3	1	8	6	4	
1605	Etu1605	7	0	2	3	6	5	4	1	8	
1606	Etu1606	0	5	4	1	2	6	7	3	8	
1607	Etu1607	6	7	2	3	0	8	4	5	1	
1608	Etu1608	6	8	2	4	3	7	5	1	0	
1609	Etu1609	2	6	1	4	7	0	5	3	8	
1610	Etu1610	5	4	8	2	1	6	3	7	0	
1611	Etu1611	6	4	5	0	7	1	3	2	8	
1612	Etu1612	5	4	7	3	2	0	1	8	6	
1613	Etu1613	4	0	6	7	2	5	8	1	3	
1614	Etu1614	2	7	6	0	1	5	4	3	8	
1615	Etu1615	3	6	5	7	8	2	1	4	0	
1616	Etu1616	3	1	2	8	7	5	6	0	4	
1617	Etu1617	2	3	0	4	1	7	8	5	6	
1618	Etu1618	0	6	5	3	7	2	4	1	8	
1619	Etu1619	2	1	4	3	7	8	5	0	6	
1620	Etu1620	7	2	3	1	5	0	8	6	4	
1621	Etu1621	4	6	0	5	1	7	8	2	3	
1622	Etu1622	0	1	7	5	6	2	4	8	3	
1623	Etu1623	5	3	8	4	0	2	7	1	6	
1624	Etu1624	1	5	3	0	4	2	6	7	8	
1625	Etu1625	7	4	8	6	0	1	3	2	5	
1626	Etu1626	2	5	0	6	8	3	4	1	7	
1627	Etu1627	3	4	7	0	8	1	2	6	5	
1628	Etu1628	0	1	5	4	6	3	7	2	8	
1629	Etu1629	4	2	5	1	8	6	0	3	7	
1630	Etu1630	7	1	2	3	5	4	0	8	6	
1631	Etu1631	2	6	3	0	8	4	1	7	5	
1632	Etu1632	8	2	3	5	6	4	1	0	7	
1633	Etu1633	1	4	8	0	6	5	3	2	7	
1634	Etu1634	3	8	1	2	5	7	0	4	6	
1635	Etu1635	8	1	4	3	2	0	5	6	7	
1636	Etu1636	8	2	0	3	7	1	5	6	4	
1637	Etu1637	3	1	2	7	8	4	0	6	5	
1638	Etu1638	0	6	3	4	7	2	5	1	8	
1639	Etu1639	6	1	5	8	4	2	3	0	7	
1640	Etu1640	0	7	2	5	6	8	1	4	3	
1641	Etu1641	2	6	0	7	3	5	1	4	8	
1642	Etu1642	2	4	1	8	3	0	5	7	6	
1643	Etu1643	5	1	2	4	3	6	8	7	0	
1644	Etu1644	7	2	0	4	6	8	3	1	5	
1645	Etu1645	0	4	2	7	5	3	6	8	1	
1646	Etu1646	3	7	0	6	4	2	1	5	8	
1647	Etu1647	7	5	2	8	1	4	6	3	0	
1648	Etu1648	8	2	1	7	4	3	0	6	5	
1649	Etu1649	2	0	4	6	3	5	8	1	7	
1650	Etu1650	6	2	5	4	1	3	7	8	0	
1651	Etu1651	4	3	1	7	0	2	5	8	6	
1652	Etu1652	6	2	0	8	3	1	4	7	5	
1653	Etu1653	6	5	3	0	2	1	4	7	8	
1654	Etu1654	6	5	4	3	8	1	7	2	0	
1655	Etu1655	0	6	2	5	3	7	1	4	8	
1656	Etu1656	1	4	5	6	0	7	8	3	2	
1657	Etu1657	6	7	4	2	8	3	1	5	0	
1658	Etu1658	4	5	6	1	7	8	0	3	2	
1659	Etu1659	0	3	1	2	7	5	6	8	4	
1660	Etu1660	6	3	1	0	8	4	5	2	7	
1661	Etu1661	3	7	0	4	1	6	2	8	5	
1662	Etu1662	0	2	5	4	8	6	7	1	3	
1663	Etu1663	7	0	6	5	8	3	2	1	4	
1664	Etu1664	8	6	5	7	4	3	0	1	2	
1665	Etu1665	4	3	0	6	5	8	2	7	1	
1666	Etu1666	4	1	8	0	3	6	5	7	2	
1667	Etu1667	4	7	3	5	0	1	8	2	6	
1668	Etu1668	6	5	4	8	0	3	7	2	1	
1669	Etu1669	0	1	3	2	4	6	8	5	7	
1670	Etu1670	4	8	1	5	6	2	0	3	7	
1671	Etu1671	4	0	5	6	2	8	7	3	1	
1672	Etu1672	3	7	1	8	0	6	5	2	4	
1673	Etu1673	7	4	3	0	6	5	2	1	8	
1674	Etu1674	5	1	8	4	7	2	3	6	0	
1675	Etu1675	0	2	4	1	3	7	8	6	5	
1676	Etu1676	2	4	1	0	3	5	7	8	6	
1677	Etu1677	1	3	8	0	2	6	4	5	7	
1678	Etu1678	5	2	8	0	1	3	4	6	7	
1679	Etu1679	4	7	1	8	2	6	0	3	5	
1680	Etu1680	1	3	0	7	2	4	8	5	6	
1681	Etu1681	0	8	2	1	5	3	7	6	4	
1682	Etu1682	3	8	7	2	6	0	4	5	1	
1683	Etu1683	7	5	3	1	8	6	2	4	0	
1684	Etu1684	5	6	3	4	0	7	2	1	8	
1685	Etu1685	7	1	2	8	0	3	6	5	4	
1686	Etu1686	6	7	5	2	4	3	1	8	0	
1687	Etu1687	8	2	5	3	1	0	4	6	7	
1688	Etu1688	8	7	0	2	3	5	1	6	4	
1689	Etu1689	0	2	5	1	8	6	7	3	4	
1690	Etu1690	2	1	0	8	7	4	5	3	6	
1691	Etu1691	1	4	5	6	0	8	7	2	3	
1692	Etu1692	7	8	2	5	6	3	1	4	0	
1693	Etu1693	7	8	0	5	3	6	2	1	4	
1694	Etu1694	3	0	7	6	1	5	8	4	2	
1695	Etu1695	6	1	0	2	3	7	4	5	8	
1696	Etu1696	0	5	3	1	2	8	7	4	6	
1697	Etu1697	3	7	8	2	0	5	4	6	1	
1698	Etu1698	5	1	7	2	4	3	6	0	8	
1699	Etu1699	5	1	3	8	0	7	6	2	4	
1700	Etu1700	3	6	1	0	5	4	2	8	7	
1701	Etu1701	4	6	8	2	7	1	5	3	0	
1702	Etu1702	7	4	8	6	1	3	5	2	0	
1703	Etu1703	1	4	3	2	0	6	8	7	5	
1704	Etu1704	8	1	2	0	3	7	4	6	5	
1705	Etu1705	8	3	4	5	1	7	0	2	6	
1706	Etu1706	5	4	3	8	2	1	0	7	6	
1707	Etu1707	4	8	2	1	5	0	6	3	7	
1708	Etu1708	1	2	8	5	6	4	7	3	0	
1709	Etu1709	7	6	4	8	0	2	5	1	3	
1710	Etu1710	7	5	3	4	0	6	8	1	2	
1711	Etu1711	8	5	6	7	3	4	1	2	0	
1712	Etu1712	7	6	8	4	1	5	3	2	0	
1713	Etu1713	4	7	6	2	5	0	8	3	1	
1714	Etu1714	4	0	6	3	1	5	7	2	8	
1715	Etu1715	1	2	7	8	5	6	3	0	4	
1716	Etu1716	6	4	3	7	2	8	0	5	1	
1717	Etu1717	0	8	5	2	3	6	4	7	1	
1718	Etu1718	3	5	4	6	7	8	1	2	0	
1719	Etu1719	0	3	2	7	8	5	6	4	1	
1720	Etu1720	8	2	3	0	6	4	5	1	7	
1721	Etu1721	3	1	7	8	5	0	2	6	4	
1722	Etu1722	6	4	2	0	3	7	8	1	5	
1723	Etu1723	2	4	0	3	1	8	5	6	7	
1724	Etu1724	8	5	4	0	3	2	6	1	7	
1725	Etu1725	7	4	0	1	8	5	3	6	2	
1726	Etu1726	6	8	5	2	3	1	4	0	7	
1727	Etu1727	5	0	6	7	4	1	8	3	2	
1728	Etu1728	3	8	4	6	2	1	5	7	0	
1729	Etu1729	0	4	7	6	8	1	5	2	3	
1730	Etu1730	6	5	3	8	2	4	0	1	7	
1731	Etu1731	6	7	3	8	4	2	1	0	5	
1732	Etu1732	1	7	8	3	6	4	5	0	2	
1733	Etu1733	4	2	5	0	8	3	6	7	1	
1734	Etu1734	5	0	8	2	1	7	3	4	6	
1735	Etu1735	4	8	5	3	1	7	0	6	2	
1736	Etu1736	3	5	1	0	6	4	2	7	8	
1737	Etu1737	7	0	1	8	3	2	6	5	4	
1738	Etu1738	2	3	7	6	5	0	1	4	8	
1739	Etu1739	6	3	0	5	4	1	8	7	2	
1740	Etu1740	5	7	1	3	4	8	2	6	0	
1741	Etu1741	8	1	3	5	6	7	2	0	4	
1742	Etu1742	1	5	2	6	7	8	4	0	3	
1743	Etu1743	6	4	3	2	5	0	7	1	8	
1744	Etu1744	7	8	4	0	1	2	6	3	5	
1745	Etu1745	1	6	8	4	5	2	7	3	0	
1746	Etu1746	3	8	7	4	0	2	5	1	6	
1747	Etu1747	4	1	3	0	5	2	6	8	7	
1748	Etu1748	8	5	2	0	7	1	4	6	3	
1749	Etu1749	5	4	1	8	6	7	2	3	0	
1750	Etu1750	7	8	4	1	6	0	3	5	2	
1751	Etu1751	1	0	5	8	4	3	2	6	7	
1752	Etu1752	5	8	6	0	7	2	3	1	4	
1753	Etu1753	7	3	1	2	5	4	6	8	0	
1754	Etu1754	8	0	5	3	7	1	6	4	2	
1755	Etu1755	8	4	7	2	1	3	5	6	0	
1756	Etu1756	1	6	4	2	5	8	7	3	0	
1757	Etu1757	5	4	8	7	0	1	6	3	2	
1758	Etu1758	4	6	1	8	7	0	2	5	3	
1759	Etu1759	6	4	7	5	0	2	1	3	8	
1760	Etu1760	8	7	5	6	4	3	2	1	0	
1761	Etu1761	1	4	8	0	6	7	3	5	2	
1762	Etu1762	2	3	1	5	6	0	7	4	8	
1763	Etu1763	4	7	2	0	1	6	3	8	5	
1764	Etu1764	8	2	7	0	6	5	3	4	1	
1765	Etu1765	3	8	0	2	7	1	4	6	5	
1766	Etu1766	6	3	7	5	0	2	4	1	8	
1767	Etu1767	5	1	7	8	4	0	2	6	3	
1768	Etu1768	3	4	6	1	5	8	2	7	0	
1769	Etu1769	5	7	6	8	1	0	3	2	4	
1770	Etu1770	4	8	2	6	7	5	1	0	3	
1771	Etu1771	7	4	2	1	8	5	3	6	0	
1772	Etu1772	1	8	4	6	3	0	7	2	5	
1773	Etu1773	6	5	2	8	7	3	1	0	4	
1774	Etu1774	0	2	1	8	6	3	5	4	7	
1775	Etu1775	0	3	7	1	6	2	5	8	4	
1776	Etu1776	3	6	5	7	0	1	8	4	2	
1777	Etu1777	6	1	3	0	2	7	4	8	5	
1778	Etu1778	6	3	7	4	1	0	2	5	8	
1779	Etu1779	2	1	4	5	8	3	7	0	6	
1780	Etu1780	4	2	3	8	7	0	6	5	1	
1781	Etu1781	6	4	5	0	2	7	1	8	3	
1782	Etu1782	7	5	4	3	8	1	0	6	2	
1783	Etu1783	5	7	6	0	2	1	4	8	3	
1784	Etu1784	4	1	2	6	8	0	5	3	7	
1785	Etu1785	8	7	4	2	5	3	6	1	0	
1786	Etu1786	5	7	4	2	0	1	8	6	3	
1787	Etu1787	8	3	6	0	4	5	1	7	2	
1788	Etu1788	3	5	7	2	4	6	8	0	1	
1789	Etu1789	7	6	5	1	2	8	0	4	3	
1790	Etu1790	1	3	5	2	4	7	6	0	8	
1791	Etu1791	6	7	8	0	2	5	3	1	4	
1792	Etu1792	0	1	3	4	6	5	8	7	2	
1793	Etu1793	7	2	8	1	4	0	3	5	6	
1794	Etu1794	5	8	6	1	4	0	3	2	7	
1795	Etu1795	3	0	1	4	8	6	2	5	7	
1796	Etu1796	2	4	7	3	8	1	6	0	5	
1797	Etu1797	8	5	7	0	1	2	3	6	4	
1798	Etu1798	2	0	6	1	7	8	4	3	5	
1799	Etu1799	1	3	8	5	4	6	2	7	0	
