NbEtu 11
Cap 2 2 1 1 1 1 1 1 1 
0	Spe0	12	14	9	13	0	18	17	5	11	19	15	21	8	16	2	20	6	10	3	4	7	1	
1	Spe1	15	13	17	18	3	20	5	11	16	1	2	10	6	0	8	21	19	4	14	7	9	12	
2	Spe2	21	15	8	17	14	12	11	1	7	10	16	6	13	19	20	4	18	3	5	0	9	2	
3	Spe3	16	5	7	3	21	0	14	15	19	17	11	12	10	4	1	2	6	8	18	20	9	13	
4	Spe4	13	5	10	7	4	2	3	17	0	12	8	20	18	9	16	6	14	11	1	21	15	19	
5	Spe5	8	12	15	7	3	9	5	6	21	1	17	16	4	2	0	11	10	20	19	14	18	13	
6	Spe6	17	13	4	20	15	1	9	11	5	12	2	7	14	16	3	8	0	21	6	10	19	18	
7	Spe7	19	21	5	7	11	13	16	2	10	14	6	0	12	20	17	3	18	9	4	15	8	1	
8	Spe8	21	11	3	14	18	0	19	8	16	13	10	7	1	4	9	6	12	17	2	15	20	5	
